06xx/644/04dk.cnv
* Sea-Bird SBE 19 Data File:      
* FileName = C:\Instruments\Sbe2741\Data\Hex files\20100126 A cast4.hex     
* Software Version Seasave V 7.17a      
* Temperature SN = 2741       
* Conductivity SN = 2741       
* System UpLoad Time = Jan 26 2010 13:02:57   
** Ship:          
** Station:          
** Operator:          
# nquan = 9        
# nvalues = 5006        
# units = specified        
# name 0 = scan: Scan Count     
# name 1 = prSM: Pressure Strain Gauge [db]   
# name 2 = t068C: Temperature [ITS-68 deg C]   
# name 3 = sal00: Salinity [PSU]     
# name 4 = par: PAR/Irradiance Biospherical/Licor     
# name 5 = flSP: Fluorescence Seapoint     
# name 6 = sigma-?00: Density [sigma-theta Kg/m^3]    
# name 7 = potemp068C: Potential Temperature [ITS-68 deg C]  
# name 8 = flag: 0.00E+00      
# span 0 = 1 5006      
# span 1 = -0.371 725.651      
# span 2 = 16.1486 22.9279      
# span 3 = 0.2045 42.494      
# span 4 = 4.36E-02 2.08E+03      
# span 5 = 0.00E+00 8.28E-01      
# span 6 = -1.7345 30.7112      
# span 7 = 16.1486 22.9088      
# span 8 = 0.00E+00 0.00E+00      
# interval = seconds: 0.5       
# start_time = Jan 26 2010 13:02:57     
# bad_flag = -9.99E-29        
*END*           
[from data line 3450]
 3881 495.452 20.9973 40.7101 2.79E-01 2.36E-01 28.8778 20.8991 0.00E+00  
 3882 495.118 20.9973 40.7091 2.75E-01 2.43E-01 28.8771 20.8992 0.00E+00  
 3883 494.452 20.9973 40.7094 2.77E-01 2.34E-01 28.8772 20.8993 0.00E+00  
 3884 494.118 20.9973 40.7095 2.78E-01 2.42E-01 28.8773 20.8994 0.00E+00  
 3885 493.452 20.9965 40.7105 2.77E-01 2.34E-01 28.8783 20.8988 0.00E+00  
 3886 493.118 20.9973 40.7087 2.75E-01 2.45E-01 28.8767 20.8997 0.00E+00  
 3887 492.451 20.9973 40.709 2.76E-01 2.33E-01 28.8768 20.8998 0.00E+00  
 3888 492.118 20.9965 40.7099 2.76E-01 2.42E-01 28.8777 20.899 0.00E+00  
 3889 491.785 20.9965 40.71 2.68E-01 2.44E-01 28.8778 20.8991 0.00E+00  
 3890 491.118 20.9973 40.7095 2.74E-01 2.41E-01 28.8771 20.9001 0.00E+00  
 3891 490.451 20.9965 40.7106 2.76E-01 2.34E-01 28.8781 20.8994 0.00E+00  
 3892 489.784 20.9965 40.7085 2.75E-01 2.44E-01 28.8765 20.8995 0.00E+00  
 3893 489.784 20.9973 40.7089 2.77E-01 2.33E-01 28.8766 20.9003 0.00E+00  
 3894 489.118 20.9965 40.7099 2.77E-01 2.41E-01 28.8776 20.8996 0.00E+00  
 3895 488.784 20.9965 40.7101 2.79E-01 2.38E-01 28.8777 20.8997 0.00E+00  
 3896 488.117 20.9965 40.7092 2.76E-01 2.47E-01 28.8769 20.8998 0.00E+00  
 3897 487.451 20.9973 40.7098 2.78E-01 2.32E-01 28.8771 20.9008 0.00E+00  
 3898 487.117 20.9965 40.7107 2.75E-01 2.42E-01 28.8781 20.9 0.00E+00  
 3899 486.45 20.9973 40.7079 2.45E-01 2.48E-01 28.8756 20.901 0.00E+00  
 3900 486.117 20.9957 40.7107 2.51E-01 2.58E-01 28.8783 20.8994 0.00E+00  
 3901 485.45 20.9965 40.7102 2.81E-01 2.37E-01 28.8776 20.9004 0.00E+00  
 3902 485.117 20.9965 40.7103 2.78E-01 2.41E-01 28.8777 20.9004 0.00E+00  
 3903 484.45 20.9957 40.7102 2.78E-01 2.30E-01 28.8778 20.8997 0.00E+00  
 3904 484.117 20.9965 40.7096 2.76E-01 2.45E-01 28.877 20.9006 0.00E+00  
 3905 483.783 20.9973 40.7089 2.78E-01 2.33E-01 28.8763 20.9015 0.00E+00  
 3906 483.116 20.9965 40.71 2.77E-01 2.43E-01 28.8773 20.9008 0.00E+00  
 3907 482.783 20.9965 40.7101 2.78E-01 2.36E-01 28.8773 20.9009 0.00E+00  
 3908 482.116 20.9965 40.7103 2.78E-01 2.44E-01 28.8775 20.901 0.00E+00  
 3909 481.449 20.9973 40.7087 2.79E-01 2.31E-01 28.876 20.902 0.00E+00  
 3910 481.116 20.9957 40.7104 2.77E-01 2.42E-01 28.8777 20.9004 0.00E+00  
 3911 480.783 20.9973 40.7078 2.76E-01 2.33E-01 28.8752 20.9021 0.00E+00  
 3912 480.116 20.9965 40.7088 1.04E-01 2.50E-01 28.8762 20.9014 0.00E+00  
 3913 479.449 20.9965 40.7102 2.60E-01 2.47E-01 28.8773 20.9016 0.00E+00  
 3914 479.115 20.9973 40.7096 2.78E-01 2.44E-01 28.8765 20.9025 0.00E+00  
 3915 478.782 20.9973 40.7086 2.80E-01 2.30E-01 28.8757 20.9025 0.00E+00  
 3916 478.115 20.9982 40.708 2.78E-01 2.39E-01 28.875 20.9035 0.00E+00  
 3917 477.448 20.9965 40.7099 2.79E-01 2.32E-01 28.8769 20.902 0.00E+00  
 3918 477.115 20.9982 40.7084 2.66E-01 2.58E-01 28.8753 20.9037 0.00E+00  
 3919 476.448 20.9974 40.7095 2.79E-01 2.28E-01 28.8763 20.903 0.00E+00  
 3920 476.115 20.9974 40.7085 2.76E-01 2.42E-01 28.8755 20.9031 0.00E+00  
 3921 475.448 20.9965 40.7084 2.77E-01 2.34E-01 28.8756 20.9024 0.00E+00  
 3922 475.115 20.9965 40.7108 2.78E-01 2.42E-01 28.8774 20.9025 0.00E+00  
 3923 474.781 20.9974 40.7101 2.79E-01 2.34E-01 28.8767 20.9033 0.00E+00  
 3924 474.114 20.999 40.7099 2.76E-01 2.48E-01 28.876 20.9051 0.00E+00  
 3925 473.447 20.999 40.7068 2.77E-01 2.33E-01 28.8736 20.9052 0.00E+00  
 3926 473.114 20.9982 40.71 2.77E-01 2.42E-01 28.8762 20.9045 0.00E+00  
 3927 472.781 20.9982 40.7078 2.78E-01 2.32E-01 28.8746 20.9045 0.00E+00  
 3928 472.114 20.9974 40.71 2.13E-01 2.43E-01 28.8764 20.9039 0.00E+00  
 3929 471.78 20.9982 40.7082 2.60E-01 2.32E-01 28.8748 20.9047 0.00E+00  
 3930 471.113 20.999 40.7099 2.83E-01 2.42E-01 28.8759 20.9057 0.00E+00  
 3931 470.78 20.999 40.7089 2.80E-01 2.30E-01 28.8751 20.9058 0.00E+00  
 3932 470.447 20.999 40.7091 2.78E-01 2.44E-01 28.8752 20.9058 0.00E+00  
 3933 470.78 20.9982 40.7086 2.80E-01 2.37E-01 28.8751 20.9049 0.00E+00  
 3934 470.447 20.9974 40.7084 2.78E-01 2.47E-01 28.8751 20.9042 0.00E+00  
 3935 470.447 20.9974 40.7095 2.77E-01 2.32E-01 28.876 20.9042 0.00E+00  
 3936 470.447 20.9974 40.7095 2.76E-01 2.47E-01 28.876 20.9042 0.00E+00  
 3937 470.113 20.9974 40.7085 2.78E-01 2.34E-01 28.8752 20.9043 0.00E+00  
 3938 469.78 20.9974 40.7086 2.76E-01 2.44E-01 28.8753 20.9044 0.00E+00  
 3939 469.446 20.9982 40.7102 2.78E-01 2.36E-01 28.8762 20.9053 0.00E+00  
 3940 469.113 20.999 40.7084 2.76E-01 2.44E-01 28.8746 20.9062 0.00E+00  
 3941 468.779 20.9982 40.7082 2.78E-01 2.33E-01 28.8747 20.9054 0.00E+00  
 3942 468.779 20.999 40.7086 2.64E-01 2.43E-01 28.8747 20.9062 0.00E+00  
 3943 468.113 20.9999 40.708 2.82E-01 2.33E-01 28.874 20.9071 0.00E+00  
 3944 467.446 20.9982 40.7099 2.79E-01 2.39E-01 28.8759 20.9057 0.00E+00  
 3945 467.112 20.9999 40.7062 2.79E-01 2.38E-01 28.8725 20.9073 0.00E+00  
 3946 466.445 20.999 40.7083 2.76E-01 2.43E-01 28.8744 20.9067 0.00E+00  
 3947 466.112 20.9982 40.7093 2.77E-01 2.34E-01 28.8753 20.9059 0.00E+00  
 3948 465.779 20.999 40.7086 2.78E-01 2.48E-01 28.8745 20.9068 0.00E+00  
 3949 464.778 20.9982 40.7086 2.77E-01 2.27E-01 28.8747 20.9062 0.00E+00  
 3950 464.778 20.999 40.7078 2.77E-01 2.43E-01 28.8739 20.907 0.00E+00  
 3951 464.111 20.9982 40.7089 2.79E-01 2.36E-01 28.8749 20.9063 0.00E+00  
 3952 463.778 20.999 40.7082 2.78E-01 2.43E-01 28.8742 20.9072 0.00E+00  
 3953 463.111 20.9999 40.7077 2.78E-01 2.31E-01 28.8735 20.9082 0.00E+00  
 3954 462.778 20.9999 40.7078 2.75E-01 2.52E-01 28.8736 20.9083 0.00E+00  
 3955 462.111 20.999 40.7089 2.79E-01 2.37E-01 28.8745 20.9076 0.00E+00  
 3956 461.777 20.9999 40.7093 2.76E-01 2.43E-01 28.8747 20.9085 0.00E+00  
 3957 461.11 21.0007 40.7088 2.77E-01 2.36E-01 28.874 20.9094 0.00E+00  
 3958 460.777 21.0024 40.704 2.58E-01 2.48E-01 28.8698 20.9111 0.00E+00  
 3959 460.11 21.0007 40.7115 2.86E-01 2.37E-01 28.876 20.9096 0.00E+00  
 3960 459.777 21.0032 40.7081 2.78E-01 2.44E-01 28.8727 20.9121 0.00E+00  
 3961 459.11 21.0048 40.7068 2.80E-01 2.36E-01 28.8712 20.9139 0.00E+00  
 3962 458.776 21.0057 40.7061 2.78E-01 2.44E-01 28.8704 20.9148 0.00E+00  
 3963 458.443 21.004 40.709 2.78E-01 2.34E-01 28.873 20.9132 0.00E+00  
 3964 457.776 21.0051 40.7074 2.76E-01 2.47E-01 28.8715 20.9145 0.00E+00  
 3965 457.442 21.0062 40.7057 2.75E-01 2.33E-01 28.8699 20.9156 0.00E+00  
 3966 456.775 21.0073 40.7042 2.75E-01 2.52E-01 28.8684 20.9169 0.00E+00  
 3967 456.109 21.0057 40.7071 2.77E-01 2.32E-01 28.871 20.9154 0.00E+00  
 3968 455.775 21.0057 40.7073 2.77E-01 2.44E-01 28.8711 20.9154 0.00E+00  
 3969 455.442 21.0065 40.7066 2.79E-01 2.33E-01 28.8704 20.9163 0.00E+00  
 3970 454.775 21.0065 40.7034 2.76E-01 2.44E-01 28.8679 20.9165 0.00E+00  
 3971 454.441 21.0032 40.7067 2.64E-01 2.32E-01 28.8713 20.9132 0.00E+00  
 3972 454.108 21.0024 40.7065 2.82E-01 2.45E-01 28.8714 20.9125 0.00E+00  
 3973 453.774 21.0024 40.7089 2.82E-01 2.33E-01 28.8732 20.9125 0.00E+00  
 3974 453.107 21.0057 40.706 2.77E-01 2.48E-01 28.87 20.916 0.00E+00  
 3975 452.774 21.0065 40.7031 2.78E-01 2.31E-01 28.8675 20.9169 0.00E+00  
 3976 452.107 21.0049 40.7072 2.78E-01 2.45E-01 28.8711 20.9153 0.00E+00  
 3977 451.773 21.0057 40.7065 2.79E-01 2.31E-01 28.8703 20.9162 0.00E+00  
 3978 451.107 21.0057 40.7068 2.75E-01 2.43E-01 28.8705 20.9164 0.00E+00  
 3979 450.773 21.0065 40.705 2.78E-01 2.33E-01 28.8688 20.9173 0.00E+00  
 3980 450.44 21.0065 40.7051 2.77E-01 2.42E-01 28.8689 20.9173 0.00E+00  
 3981 450.106 21.0057 40.7071 2.79E-01 2.36E-01 28.8707 20.9166 0.00E+00  
 3982 449.773 21.0065 40.7019 2.76E-01 2.48E-01 28.8665 20.9175 0.00E+00  
 3983 449.439 21.0049 40.7048 2.78E-01 2.33E-01 28.8691 20.9159 0.00E+00  
 3984 449.439 21.004 40.7078 2.71E-01 2.39E-01 28.8717 20.915 0.00E+00  
 3985 449.439 21.0032 40.7086 2.99E-01 2.33E-01 28.8725 20.9142 0.00E+00  
 3986 449.439 21.0057 40.7051 2.77E-01 2.50E-01 28.8691 20.9167 0.00E+00  
 3987 449.439 21.0057 40.7074 2.79E-01 2.36E-01 28.8709 20.9167 0.00E+00  
 3988 449.439 21.0057 40.7074 2.76E-01 2.44E-01 28.8709 20.9167 0.00E+00  
 3989 449.439 21.0057 40.7074 2.78E-01 2.36E-01 28.8708 20.9167 0.00E+00  
 3990 449.439 21.0057 40.7062 2.76E-01 2.49E-01 28.87 20.9167 0.00E+00  
 3991 449.439 21.0065 40.7054 2.78E-01 2.31E-01 28.8691 20.9175 0.00E+00  
 3992 449.773 21.0057 40.7061 2.75E-01 2.45E-01 28.8699 20.9166 0.00E+00  
 3993 450.106 21.0057 40.7071 2.78E-01 2.32E-01 28.8707 20.9166 0.00E+00  
 3994 450.44 21.0073 40.7054 2.77E-01 2.44E-01 28.8689 20.9182 0.00E+00  
 3995 450.44 21.0065 40.7062 2.57E-01 2.32E-01 28.8698 20.9173 0.00E+00  
 3996 450.44 21.0073 40.7065 2.86E-01 2.45E-01 28.8698 20.9182 0.00E+00  
 3997 450.44 21.0065 40.7073 2.83E-01 2.38E-01 28.8706 20.9173 0.00E+00  
 3998 450.44 21.0065 40.7062 2.79E-01 2.47E-01 28.8698 20.9173 0.00E+00  
 3999 450.44 21.0073 40.7054 2.79E-01 2.27E-01 28.8689 20.9182 0.00E+00  
 4000 450.44 21.0073 40.7054 2.77E-01 2.47E-01 28.8689 20.9182 0.00E+00  
 4001 450.44 21.0073 40.7054 2.79E-01 2.38E-01 28.8689 20.9182 0.00E+00  
 4002 450.44 21.0073 40.7054 2.78E-01 2.44E-01 28.8689 20.9182 0.00E+00  
 4003 450.44 21.0073 40.7054 2.77E-01 2.31E-01 28.8689 20.9182 0.00E+00  
 4004 450.44 21.0074 40.7065 2.77E-01 2.44E-01 28.8698 20.9182 0.00E+00  
 4005 450.44 21.0074 40.7054 2.80E-01 2.31E-01 28.8689 20.9182 0.00E+00  
 4006 450.44 21.0082 40.7057 2.76E-01 2.41E-01 28.869 20.919 0.00E+00  
 4007 450.44 21.0074 40.7054 2.77E-01 2.33E-01 28.8689 20.9182 0.00E+00  
 4008 450.44 21.0074 40.7054 2.60E-01 2.49E-01 28.8689 20.9182 0.00E+00  
 4009 450.106 21.0082 40.7047 3.34E-01 2.34E-01 28.8682 20.9191 0.00E+00  
 4010 450.44 21.0074 40.7054 2.79E-01 2.45E-01 28.8689 20.9182 0.00E+00  
 4011 450.44 21.0074 40.7054 2.79E-01 2.38E-01 28.8689 20.9182 0.00E+00  
 4012 450.44 21.0082 40.7046 2.77E-01 2.45E-01 28.8681 20.919 0.00E+00  
 4013 450.106 21.0074 40.7055 2.79E-01 2.34E-01 28.869 20.9182 0.00E+00  
 4014 449.773 21.0074 40.7056 2.74E-01 2.47E-01 28.8691 20.9183 0.00E+00  
 4015 449.439 21.0074 40.7069 2.79E-01 2.32E-01 28.87 20.9184 0.00E+00  
 4016 448.772 21.0074 40.706 2.78E-01 2.49E-01 28.8693 20.9185 0.00E+00  
 4017 448.105 21.0082 40.7055 2.78E-01 2.41E-01 28.8686 20.9194 0.00E+00  
 4018 448.105 21.0082 40.7066 2.76E-01 2.48E-01 28.8695 20.9194 0.00E+00  
 4019 447.438 21.009 40.7049 2.79E-01 2.33E-01 28.8679 20.9204 0.00E+00  
 4020 446.771 21.009 40.7052 2.77E-01 2.44E-01 28.8681 20.9205 0.00E+00  
 4021 446.438 21.009 40.7053 2.78E-01 2.36E-01 28.8682 20.9206 0.00E+00  
 4022 445.771 21.009 40.7044 2.77E-01 2.47E-01 28.8675 20.9207 0.00E+00  
 4023 445.437 21.009 40.7057 2.81E-01 2.31E-01 28.8684 20.9208 0.00E+00  
 4024 444.771 21.009 40.7037 2.76E-01 2.45E-01 28.8668 20.9209 0.00E+00  
 4025 444.437 21.009 40.7049 2.78E-01 2.30E-01 28.8678 20.921 0.00E+00  
 4026 444.437 21.009 40.7038 2.77E-01 2.47E-01 28.8669 20.921 0.00E+00  
 4027 444.104 21.0074 40.7066 2.79E-01 2.38E-01 28.8695 20.9194 0.00E+00  
 4028 444.437 21.009 40.7049 2.75E-01 2.49E-01 28.8678 20.921 0.00E+00  
 4029 444.437 21.0082 40.7057 2.76E-01 2.30E-01 28.8686 20.9202 0.00E+00  
 4030 444.104 21.009 40.7039 2.77E-01 2.48E-01 28.867 20.9211 0.00E+00  
 4031 444.104 21.0082 40.7058 2.79E-01 2.32E-01 28.8687 20.9202 0.00E+00  
 4032 444.437 21.0082 40.7057 2.76E-01 2.45E-01 28.8686 20.9202 0.00E+00  
 4033 444.437 21.009 40.7049 2.79E-01 2.31E-01 28.8678 20.921 0.00E+00  
 4034 444.437 21.009 40.7049 2.77E-01 2.41E-01 28.8678 20.921 0.00E+00  
 4035 444.437 21.0082 40.7068 2.78E-01 2.36E-01 28.8695 20.9202 0.00E+00  
 4036 444.104 21.0082 40.707 2.76E-01 2.45E-01 28.8695 20.9202 0.00E+00  
 4037 444.437 21.009 40.7049 2.79E-01 2.32E-01 28.8677 20.921 0.00E+00  
 4038 444.104 21.009 40.705 2.76E-01 2.42E-01 28.8678 20.9211 0.00E+00  
 4039 444.437 21.0082 40.7045 2.78E-01 2.28E-01 28.8677 20.9202 0.00E+00  
 4040 444.437 21.009 40.7049 2.76E-01 2.45E-01 28.8677 20.921 0.00E+00  
 4041 444.437 21.009 40.7049 2.80E-01 2.32E-01 28.8677 20.921 0.00E+00  
 4042 444.437 21.009 40.7037 2.75E-01 2.45E-01 28.8669 20.921 0.00E+00  
 4043 444.437 21.0082 40.7057 2.78E-01 2.30E-01 28.8686 20.9202 0.00E+00  
 4044 444.104 21.009 40.7061 2.77E-01 2.49E-01 28.8687 20.9211 0.00E+00  
 4045 444.104 21.009 40.7061 2.78E-01 2.31E-01 28.8687 20.9211 0.00E+00  
 4046 444.104 21.009 40.705 2.75E-01 2.45E-01 28.8678 20.9211 0.00E+00  
 4047 444.104 21.009 40.7061 2.79E-01 2.36E-01 28.8687 20.9211 0.00E+00  
 4048 443.437 21.0099 40.7033 2.80E-01 2.48E-01 28.8663 20.922 0.00E+00  
 4049 443.103 21.009 40.7054 2.80E-01 2.34E-01 28.868 20.9213 0.00E+00  
 4050 442.436 21.009 40.7056 2.73E-01 2.48E-01 28.8682 20.9214 0.00E+00  
 4051 441.769 21.009 40.7048 2.84E-01 2.33E-01 28.8675 20.9215 0.00E+00  
 4052 441.102 21.009 40.7039 2.78E-01 2.45E-01 28.8668 20.9217 0.00E+00  
 4053 440.769 21.009 40.704 2.76E-01 2.33E-01 28.8668 20.9218 0.00E+00  
 4054 440.102 21.009 40.7031 2.77E-01 2.49E-01 28.8661 20.9219 0.00E+00  
 4055 439.768 21.009 40.7055 2.80E-01 2.32E-01 28.868 20.922 0.00E+00  
 4056 438.768 21.009 40.7048 2.77E-01 2.49E-01 28.8673 20.9222 0.00E+00  
 4057 438.101 21.0082 40.7047 2.78E-01 2.38E-01 28.8674 20.9215 0.00E+00  
 4058 437.767 21.009 40.704 2.77E-01 2.48E-01 28.8667 20.9224 0.00E+00  
 4059 437.1 21.0082 40.705 2.79E-01 2.32E-01 28.8677 20.9217 0.00E+00  
 4060 436.433 21.0074 40.7061 2.76E-01 2.49E-01 28.8687 20.921 0.00E+00  
 4061 436.1 21.0082 40.7054 2.76E-01 2.33E-01 28.8679 20.9219 0.00E+00  
 4062 435.433 21.009 40.7037 2.75E-01 2.50E-01 28.8664 20.9229 0.00E+00  
 4063 434.766 21.0082 40.7036 2.77E-01 2.28E-01 28.8665 20.9222 0.00E+00  
 4064 434.099 21.0074 40.7058 2.74E-01 2.47E-01 28.8683 20.9215 0.00E+00  
 4065 433.432 21.0074 40.7049 2.77E-01 2.32E-01 28.8676 20.9216 0.00E+00  
 4066 433.098 21.0082 40.7043 2.77E-01 2.52E-01 28.8669 20.9225 0.00E+00  
 4067 432.431 21.0074 40.7042 2.78E-01 2.36E-01 28.867 20.9218 0.00E+00  
 4068 431.764 21.0074 40.7044 2.76E-01 2.45E-01 28.8671 20.9219 0.00E+00  
 4069 431.097 21.0074 40.7047 2.81E-01 2.32E-01 28.8673 20.9221 0.00E+00  
 4070 430.43 21.0074 40.7038 2.76E-01 2.49E-01 28.8666 20.9222 0.00E+00  
 4071 430.097 21.0066 40.7047 2.78E-01 2.33E-01 28.8675 20.9214 0.00E+00  
 4072 429.43 21.0066 40.705 2.75E-01 2.43E-01 28.8677 20.9216 0.00E+00  
 4073 428.763 21.0082 40.7036 2.79E-01 2.36E-01 28.8661 20.9234 0.00E+00  
 4074 428.096 21.0074 40.7036 2.77E-01 2.55E-01 28.8663 20.9227 0.00E+00  
 4075 427.429 21.0074 40.7049 2.78E-01 2.31E-01 28.8673 20.9228 0.00E+00  
 4076 426.762 21.0091 40.7059 2.76E-01 2.44E-01 28.8675 20.9246 0.00E+00  
 4077 426.094 21.0107 40.7023 2.78E-01 2.33E-01 28.8643 20.9264 0.00E+00  
 4078 425.761 21.0082 40.7037 2.75E-01 2.48E-01 28.866 20.924 0.00E+00  
 4079 425.094 21.0091 40.7054 2.79E-01 2.27E-01 28.867 20.9249 0.00E+00  
 4080 424.427 21.0099 40.7049 2.79E-01 2.48E-01 28.8664 20.9259 0.00E+00  
 4081 423.76 21.0115 40.7035 2.82E-01 2.26E-01 28.8649 20.9276 0.00E+00  
 4082 423.093 21.0107 40.7034 2.75E-01 2.48E-01 28.865 20.927 0.00E+00  
 4083 422.426 21.0115 40.7029 2.78E-01 2.34E-01 28.8643 20.9279 0.00E+00  
 4084 422.092 21.0124 40.7026 2.77E-01 2.49E-01 28.8638 20.9288 0.00E+00  
 4085 421.425 21.0132 40.7025 2.75E-01 2.37E-01 28.8634 20.9298 0.00E+00  
 4086 420.758 21.014 40.7023 2.73E-01 2.53E-01 28.8631 20.9307 0.00E+00  
 4087 420.091 21.0132 40.7033 2.78E-01 2.32E-01 28.864 20.93 0.00E+00  
 4088 419.424 21.014 40.7017 2.77E-01 2.45E-01 28.8625 20.931 0.00E+00  
 4089 418.757 21.014 40.7019 2.78E-01 2.38E-01 28.8626 20.9311 0.00E+00  
 4090 418.423 21.014 40.702 2.77E-01 2.53E-01 28.8627 20.9312 0.00E+00  
 4091 417.756 21.0124 40.7039 2.78E-01 2.28E-01 28.8645 20.9297 0.00E+00  
 4092 417.089 21.014 40.7025 2.76E-01 2.54E-01 28.863 20.9315 0.00E+00  
 4093 416.756 21.014 40.7027 2.78E-01 2.32E-01 28.8631 20.9315 0.00E+00  
 4094 415.755 21.014 40.7008 2.76E-01 2.53E-01 28.8616 20.9317 0.00E+00  
 4095 415.088 21.014 40.701 2.79E-01 2.32E-01 28.8618 20.9319 0.00E+00  
