06xx/644/04dk.cnv
* Sea-Bird SBE 19 Data File:      
* FileName = C:\Instruments\Sbe2741\Data\Hex files\20100126 A cast4.hex     
* Software Version Seasave V 7.17a      
* Temperature SN = 2741       
* Conductivity SN = 2741       
* System UpLoad Time = Jan 26 2010 13:02:57   
** Ship:          
** Station:          
** Operator:          
# nquan = 9        
# nvalues = 5006        
# units = specified        
# name 0 = scan: Scan Count     
# name 1 = prSM: Pressure Strain Gauge [db]   
# name 2 = t068C: Temperature [ITS-68 deg C]   
# name 3 = sal00: Salinity [PSU]     
# name 4 = par: PAR/Irradiance Biospherical/Licor     
# name 5 = flSP: Fluorescence Seapoint     
# name 6 = sigma-?00: Density [sigma-theta Kg/m^3]    
# name 7 = potemp068C: Potential Temperature [ITS-68 deg C]  
# name 8 = flag: 0.00E+00      
# span 0 = 1 5006      
# span 1 = -0.371 725.651      
# span 2 = 16.1486 22.9279      
# span 3 = 0.2045 42.494      
# span 4 = 4.36E-02 2.08E+03      
# span 5 = 0.00E+00 8.28E-01      
# span 6 = -1.7345 30.7112      
# span 7 = 16.1486 22.9088      
# span 8 = 0.00E+00 0.00E+00      
# interval = seconds: 0.5       
# start_time = Jan 26 2010 13:02:57     
# bad_flag = -9.99E-29        
*END*           
[from data line 2161]
 2592 723.987 21.0235 40.7125 2.55E-01 2.36E-01 28.8852 20.8795 0.00E+00  
 2593 723.987 21.0227 40.7133 2.44E-01 2.65E-01 28.886 20.8786 0.00E+00  
 2594 724.32 21.0227 40.7143 2.48E-01 2.48E-01 28.8868 20.8786 0.00E+00  
 2595 724.32 21.0235 40.7135 2.51E-01 2.48E-01 28.886 20.8794 0.00E+00  
 2596 724.653 21.0218 40.715 2.54E-01 2.31E-01 28.8876 20.8777 0.00E+00  
 2597 724.653 21.0227 40.7142 2.44E-01 2.66E-01 28.8867 20.8785 0.00E+00  
 2598 724.986 21.0227 40.7141 2.49E-01 2.52E-01 28.8867 20.8784 0.00E+00  
 2599 725.318 21.0227 40.7151 2.52E-01 2.50E-01 28.8875 20.8784 0.00E+00  
 2600 724.986 21.0227 40.7152 2.53E-01 2.33E-01 28.8875 20.8784 0.00E+00  
 2601 725.318 21.0227 40.7151 2.44E-01 2.69E-01 28.8875 20.8784 0.00E+00  
 2602 725.318 21.0227 40.7139 2.49E-01 2.50E-01 28.8866 20.8784 0.00E+00  
 2603 725.318 21.0227 40.7139 2.44E-01 2.66E-01 28.8866 20.8784 0.00E+00  
 2604 725.318 21.0235 40.7143 2.48E-01 2.49E-01 28.8866 20.8792 0.00E+00  
 2605 725.651 21.0235 40.713 2.45E-01 2.69E-01 28.8857 20.8791 0.00E+00  
 2606 725.318 21.0226 40.7139 2.49E-01 2.49E-01 28.8866 20.8784 0.00E+00  
 2607 725.318 21.0235 40.7132 2.45E-01 2.64E-01 28.8858 20.8792 0.00E+00  
 2608 725.318 21.0235 40.7132 2.49E-01 2.48E-01 28.8858 20.8792 0.00E+00  
 2609 725.318 21.0235 40.7132 2.46E-01 2.65E-01 28.8858 20.8791 0.00E+00  
 2610 725.318 21.0218 40.7159 2.48E-01 2.55E-01 28.8883 20.8775 0.00E+00  
 2611 725.318 21.0226 40.7151 2.44E-01 2.69E-01 28.8875 20.8784 0.00E+00  
 2612 725.318 21.0226 40.7139 2.48E-01 2.52E-01 28.8866 20.8784 0.00E+00  
 2613 725.318 21.0235 40.7132 2.47E-01 2.67E-01 28.8858 20.8791 0.00E+00  
 2614 725.318 21.0226 40.7139 2.49E-01 2.50E-01 28.8866 20.8783 0.00E+00  
 2615 725.318 21.0226 40.7151 2.44E-01 2.67E-01 28.8875 20.8783 0.00E+00  
 2616 725.318 21.0235 40.7132 2.49E-01 2.47E-01 28.8858 20.8791 0.00E+00  
 2617 725.318 21.0226 40.7139 2.46E-01 2.65E-01 28.8866 20.8783 0.00E+00  
 2618 725.318 21.0218 40.7147 2.48E-01 2.53E-01 28.8874 20.8775 0.00E+00  
 2619 725.318 21.0226 40.714 2.45E-01 2.67E-01 28.8866 20.8783 0.00E+00  
 2620 725.318 21.0226 40.7151 2.49E-01 2.49E-01 28.8875 20.8783 0.00E+00  
 2621 725.318 21.0234 40.7132 2.47E-01 2.65E-01 28.8858 20.8791 0.00E+00  
 2622 725.318 21.0234 40.7143 2.48E-01 2.48E-01 28.8866 20.8791 0.00E+00  
 2623 725.318 21.0226 40.714 2.47E-01 2.67E-01 28.8866 20.8783 0.00E+00  
 2624 725.318 21.0226 40.714 2.49E-01 2.42E-01 28.8866 20.8783 0.00E+00  
 2625 725.318 21.0234 40.7143 2.45E-01 2.69E-01 28.8866 20.8791 0.00E+00  
 2626 725.651 21.0234 40.713 2.49E-01 2.50E-01 28.8857 20.8791 0.00E+00  
 2627 725.318 21.0226 40.714 2.47E-01 2.69E-01 28.8866 20.8783 0.00E+00  
 2628 725.318 21.0234 40.7132 2.50E-01 2.45E-01 28.8858 20.8791 0.00E+00  
 2629 725.318 21.0226 40.714 2.45E-01 2.65E-01 28.8866 20.8783 0.00E+00  
 2630 725.318 21.0226 40.714 2.49E-01 2.52E-01 28.8866 20.8783 0.00E+00  
 2631 725.318 21.0226 40.714 2.46E-01 2.69E-01 28.8866 20.8783 0.00E+00  
 2632 725.318 21.0226 40.7128 2.49E-01 2.49E-01 28.8857 20.8783 0.00E+00  
 2633 725.318 21.0226 40.714 2.45E-01 2.69E-01 28.8866 20.8783 0.00E+00  
 2634 725.318 21.0234 40.7132 2.49E-01 2.49E-01 28.8858 20.8791 0.00E+00  
 2635 725.318 21.0226 40.714 2.48E-01 2.70E-01 28.8866 20.8783 0.00E+00  
 2636 725.318 21.0234 40.7143 2.49E-01 2.47E-01 28.8866 20.8791 0.00E+00  
 2637 725.318 21.0234 40.7143 2.46E-01 2.70E-01 28.8867 20.8791 0.00E+00  
 2638 725.318 21.0226 40.714 2.49E-01 2.47E-01 28.8866 20.8783 0.00E+00  
 2639 725.318 21.0226 40.7151 2.51E-01 2.67E-01 28.8875 20.8783 0.00E+00  
 2640 725.318 21.0226 40.7151 2.55E-01 2.39E-01 28.8875 20.8783 0.00E+00  
 2641 725.318 21.0234 40.7132 2.46E-01 2.69E-01 28.8858 20.8791 0.00E+00  
 2642 725.318 21.0226 40.7151 2.50E-01 2.48E-01 28.8875 20.8783 0.00E+00  
 2643 725.318 21.0226 40.7151 2.46E-01 2.67E-01 28.8875 20.8783 0.00E+00  
 2644 725.318 21.0231 40.7146 2.56E-01 2.34E-01 28.8869 20.8788 0.00E+00  
 2645 725.318 21.0237 40.714 2.51E-01 2.53E-01 28.8864 20.8794 0.00E+00  
 2646 725.318 21.0242 40.7135 2.47E-01 2.43E-01 28.8858 20.8799 0.00E+00  
 2647 725.318 21.0234 40.7132 2.46E-01 2.65E-01 28.8858 20.8791 0.00E+00  
 2648 725.318 21.0234 40.7132 2.58E-01 2.33E-01 28.8858 20.8791 0.00E+00  
 2649 725.318 21.0242 40.7135 2.54E-01 2.47E-01 28.8858 20.8799 0.00E+00  
 2650 725.318 21.0234 40.7132 2.57E-01 2.32E-01 28.8858 20.8791 0.00E+00  
 2651 725.318 21.0234 40.7132 2.45E-01 2.69E-01 28.8858 20.8791 0.00E+00  
 2652 725.318 21.0226 40.7139 2.57E-01 2.36E-01 28.8866 20.8783 0.00E+00  
 2653 725.318 21.0234 40.7132 2.54E-01 2.55E-01 28.8858 20.8791 0.00E+00  
 2654 725.318 21.0234 40.7132 2.55E-01 2.32E-01 28.8858 20.8791 0.00E+00  
 2655 725.318 21.0242 40.7135 2.53E-01 2.54E-01 28.8858 20.8799 0.00E+00  
 2656 725.318 21.0234 40.7143 2.58E-01 2.34E-01 28.8866 20.8791 0.00E+00  
 2657 725.318 21.0226 40.7139 2.53E-01 2.52E-01 28.8866 20.8783 0.00E+00  
 2658 725.318 21.0226 40.7139 2.57E-01 2.32E-01 28.8866 20.8783 0.00E+00  
 2659 725.318 21.0234 40.7143 2.53E-01 2.54E-01 28.8866 20.8791 0.00E+00  
 2660 725.318 21.0234 40.7143 2.58E-01 2.32E-01 28.8866 20.8791 0.00E+00  
 2661 725.318 21.0234 40.7132 2.52E-01 2.53E-01 28.8858 20.8791 0.00E+00  
 2662 725.318 21.0226 40.7139 2.57E-01 2.34E-01 28.8866 20.8783 0.00E+00  
 2663 725.318 21.0234 40.7131 2.54E-01 2.55E-01 28.8858 20.8791 0.00E+00  
 2664 725.318 21.0242 40.7135 2.57E-01 2.28E-01 28.8858 20.8799 0.00E+00  
 2665 725.318 21.0234 40.7131 2.52E-01 2.53E-01 28.8858 20.8791 0.00E+00  
 2666 725.318 21.0234 40.7143 2.57E-01 2.36E-01 28.8866 20.8791 0.00E+00  
 2667 725.318 21.0242 40.7124 2.54E-01 2.55E-01 28.8849 20.8799 0.00E+00  
 2668 725.318 21.0226 40.7139 2.57E-01 2.33E-01 28.8866 20.8783 0.00E+00  
 2669 724.986 21.0226 40.7152 2.52E-01 2.50E-01 28.8875 20.8783 0.00E+00  
 2670 725.318 21.0242 40.7135 2.58E-01 2.34E-01 28.8858 20.8799 0.00E+00  
 2671 725.318 21.0234 40.7143 2.54E-01 2.47E-01 28.8866 20.8791 0.00E+00  
 2672 725.318 21.0234 40.7143 2.56E-01 2.33E-01 28.8866 20.8791 0.00E+00  
 2673 725.318 21.0234 40.7131 2.53E-01 2.53E-01 28.8858 20.8791 0.00E+00  
 2674 724.986 21.0242 40.7147 2.58E-01 2.33E-01 28.8868 20.88 0.00E+00  
 2675 725.318 21.0242 40.7123 2.53E-01 2.50E-01 28.8849 20.8799 0.00E+00  
 2676 725.318 21.0225 40.7139 2.56E-01 2.33E-01 28.8866 20.8783 0.00E+00  
 2677 725.318 21.0217 40.7158 2.54E-01 2.53E-01 28.8883 20.8774 0.00E+00  
 2678 725.318 21.0234 40.7131 2.58E-01 2.36E-01 28.8858 20.8791 0.00E+00  
 2679 725.318 21.0225 40.7139 2.53E-01 2.52E-01 28.8866 20.8783 0.00E+00  
 2680 725.318 21.0225 40.7151 2.57E-01 2.34E-01 28.8875 20.8783 0.00E+00  
 2681 725.318 21.0234 40.7131 2.54E-01 2.48E-01 28.8858 20.8791 0.00E+00  
 2682 724.986 21.0234 40.7155 2.57E-01 2.27E-01 28.8876 20.8791 0.00E+00  
 2683 725.318 21.0234 40.7131 2.53E-01 2.53E-01 28.8858 20.879 0.00E+00  
 2684 725.318 21.0234 40.7143 2.58E-01 2.38E-01 28.8866 20.879 0.00E+00  
 2685 725.318 21.0234 40.7131 2.55E-01 2.55E-01 28.8858 20.879 0.00E+00  
 2686 725.318 21.0217 40.7136 2.57E-01 2.34E-01 28.8866 20.8774 0.00E+00  
 2687 725.318 21.0225 40.7139 2.52E-01 2.50E-01 28.8866 20.8783 0.00E+00  
 2688 724.986 21.0225 40.7152 2.57E-01 2.38E-01 28.8875 20.8783 0.00E+00  
 2689 724.986 21.0225 40.7152 2.54E-01 2.52E-01 28.8875 20.8783 0.00E+00  
 2690 725.318 21.0242 40.7135 2.58E-01 2.30E-01 28.8858 20.8799 0.00E+00  
 2691 725.318 21.0234 40.7143 2.53E-01 2.47E-01 28.8866 20.879 0.00E+00  
 2692 725.651 21.0234 40.7141 2.59E-01 2.38E-01 28.8866 20.879 0.00E+00  
 2693 725.318 21.0234 40.7142 2.55E-01 2.52E-01 28.8866 20.879 0.00E+00  
 2694 724.986 21.0242 40.7136 2.56E-01 2.36E-01 28.8859 20.8799 0.00E+00  
 2695 724.986 21.0242 40.7136 2.54E-01 2.52E-01 28.8859 20.8799 0.00E+00  
 2696 724.986 21.0233 40.7144 2.58E-01 2.31E-01 28.8867 20.8791 0.00E+00  
 2697 725.318 21.0233 40.7142 2.53E-01 2.52E-01 28.8866 20.879 0.00E+00  
 2698 725.318 21.0233 40.7142 2.58E-01 2.33E-01 28.8866 20.879 0.00E+00  
 2699 725.318 21.0233 40.7142 2.54E-01 2.50E-01 28.8866 20.879 0.00E+00  
 2700 724.986 21.0242 40.7124 2.58E-01 2.34E-01 28.885 20.8799 0.00E+00  
 2701 724.986 21.0233 40.7132 2.52E-01 2.48E-01 28.8858 20.8791 0.00E+00  
 2702 725.318 21.0233 40.7142 2.59E-01 2.31E-01 28.8866 20.879 0.00E+00  
 2703 725.318 21.0225 40.715 2.54E-01 2.45E-01 28.8875 20.8782 0.00E+00  
 2704 724.986 21.0225 40.714 2.57E-01 2.32E-01 28.8867 20.8783 0.00E+00  
 2705 725.318 21.0225 40.715 2.54E-01 2.48E-01 28.8875 20.8782 0.00E+00  
 2706 724.986 21.0242 40.7136 2.59E-01 2.36E-01 28.8859 20.8799 0.00E+00  
 2707 724.986 21.0225 40.714 2.54E-01 2.47E-01 28.8867 20.8783 0.00E+00  
 2708 724.986 21.0233 40.7132 2.57E-01 2.37E-01 28.8858 20.8791 0.00E+00  
 2709 724.986 21.0233 40.7132 2.53E-01 2.48E-01 28.8858 20.8791 0.00E+00  
 2710 725.318 21.0233 40.7131 2.59E-01 2.32E-01 28.8857 20.879 0.00E+00  
 2711 724.986 21.0233 40.7132 2.53E-01 2.39E-01 28.8858 20.8791 0.00E+00  
 2712 724.986 21.0217 40.7148 2.57E-01 2.36E-01 28.8875 20.8774 0.00E+00  
 2713 724.986 21.0225 40.714 2.55E-01 2.49E-01 28.8867 20.8783 0.00E+00  
 2714 724.986 21.0217 40.7148 2.59E-01 2.34E-01 28.8875 20.8774 0.00E+00  
 2715 725.318 21.0225 40.7139 2.53E-01 2.44E-01 28.8866 20.8782 0.00E+00  
 2716 724.986 21.0225 40.714 2.57E-01 2.42E-01 28.8867 20.8783 0.00E+00  
 2717 724.986 21.0225 40.714 2.54E-01 2.50E-01 28.8867 20.8783 0.00E+00  
 2718 724.986 21.0233 40.7132 2.57E-01 2.31E-01 28.8858 20.8791 0.00E+00  
 2719 724.986 21.0225 40.714 2.53E-01 2.45E-01 28.8867 20.8783 0.00E+00  
 2720 725.318 21.0233 40.7131 2.58E-01 2.31E-01 28.8857 20.879 0.00E+00  
 2721 724.986 21.0217 40.7148 2.55E-01 2.44E-01 28.8875 20.8774 0.00E+00  
 2722 724.986 21.0217 40.7148 2.58E-01 2.37E-01 28.8875 20.8774 0.00E+00  
 2723 724.986 21.0225 40.714 2.54E-01 2.48E-01 28.8866 20.8783 0.00E+00  
 2724 724.986 21.0217 40.7148 2.59E-01 2.32E-01 28.8875 20.8774 0.00E+00  
 2725 724.986 21.0217 40.7148 2.54E-01 2.44E-01 28.8875 20.8774 0.00E+00  
 2726 724.986 21.0225 40.714 2.57E-01 2.36E-01 28.8866 20.8783 0.00E+00  
 2727 724.986 21.0217 40.7148 2.54E-01 2.45E-01 28.8875 20.8774 0.00E+00  
 2728 724.986 21.0217 40.7148 2.60E-01 2.36E-01 28.8875 20.8774 0.00E+00  
 2729 724.986 21.0225 40.714 2.54E-01 2.47E-01 28.8866 20.8783 0.00E+00  
 2730 724.986 21.0225 40.714 2.57E-01 2.37E-01 28.8866 20.8783 0.00E+00  
 2731 724.986 21.0225 40.714 2.55E-01 2.42E-01 28.8866 20.8783 0.00E+00  
 2732 724.986 21.0225 40.714 2.59E-01 2.32E-01 28.8866 20.8783 0.00E+00  
 2733 724.986 21.0217 40.7148 2.52E-01 2.47E-01 28.8875 20.8774 0.00E+00  
 2734 724.986 21.0217 40.7148 2.57E-01 2.33E-01 28.8875 20.8774 0.00E+00  
 2735 724.986 21.0217 40.7148 2.55E-01 2.49E-01 28.8875 20.8774 0.00E+00  
 2736 724.653 21.0225 40.7141 2.58E-01 2.36E-01 28.8867 20.8783 0.00E+00  
 2737 724.986 21.0225 40.714 2.53E-01 2.42E-01 28.8866 20.8782 0.00E+00  
 2738 724.986 21.0225 40.714 2.59E-01 2.31E-01 28.8866 20.8782 0.00E+00  
 2739 724.986 21.0233 40.7132 2.55E-01 2.38E-01 28.8858 20.879 0.00E+00  
 2740 724.986 21.0216 40.7148 2.57E-01 2.36E-01 28.8875 20.8774 0.00E+00  
 2741 724.986 21.0225 40.7151 2.53E-01 2.45E-01 28.8875 20.8782 0.00E+00  
 2742 724.986 21.0216 40.7148 2.60E-01 2.33E-01 28.8875 20.8774 0.00E+00  
 2743 724.653 21.0225 40.7141 2.55E-01 2.41E-01 28.8867 20.8783 0.00E+00  
 2744 724.653 21.0216 40.7149 2.58E-01 2.36E-01 28.8875 20.8775 0.00E+00  
 2745 724.653 21.0233 40.7122 2.54E-01 2.42E-01 28.885 20.8791 0.00E+00  
 2746 724.653 21.0225 40.7141 2.60E-01 2.31E-01 28.8867 20.8783 0.00E+00  
 2747 724.32 21.0225 40.7142 2.49E-01 2.37E-01 28.8868 20.8783 0.00E+00  
 2748 724.32 21.0225 40.7153 2.51E-01 2.49E-01 28.8877 20.8783 0.00E+00  
 2749 724.32 21.0225 40.7142 2.48E-01 2.60E-01 28.8868 20.8783 0.00E+00  
 2750 724.32 21.0225 40.7142 2.52E-01 2.50E-01 28.8868 20.8783 0.00E+00  
 2751 724.32 21.0216 40.7139 2.47E-01 2.50E-01 28.8867 20.8775 0.00E+00  
 2752 723.654 21.0225 40.7145 2.53E-01 2.48E-01 28.8869 20.8785 0.00E+00  
 2753 723.321 21.0225 40.7146 2.57E-01 2.43E-01 28.887 20.8785 0.00E+00  
 2754 722.988 21.0225 40.7147 2.51E-01 2.48E-01 28.8871 20.8786 0.00E+00  
 2755 722.655 21.0216 40.7133 2.55E-01 2.37E-01 28.8863 20.8779 0.00E+00  
 2756 721.989 21.0225 40.7151 2.52E-01 2.49E-01 28.8873 20.8788 0.00E+00  
 2757 721.657 21.0225 40.7141 2.56E-01 2.38E-01 28.8865 20.8789 0.00E+00  
 2758 720.991 21.0233 40.7124 2.51E-01 2.50E-01 28.885 20.8798 0.00E+00  
 2759 720.658 21.0224 40.7133 2.54E-01 2.41E-01 28.8859 20.8791 0.00E+00  
 2760 720.325 21.0224 40.7123 2.53E-01 2.44E-01 28.8851 20.8792 0.00E+00  
 2761 719.659 21.0216 40.7145 2.54E-01 2.42E-01 28.887 20.8785 0.00E+00  
 2762 719.326 21.0216 40.7146 2.52E-01 2.50E-01 28.887 20.8785 0.00E+00  
 2763 718.66 21.0216 40.7137 2.54E-01 2.39E-01 28.8863 20.8787 0.00E+00  
 2764 718.327 21.0219 40.7132 2.60E-01 2.33E-01 28.8858 20.879 0.00E+00  
 2765 717.662 21.0222 40.7128 2.47E-01 2.55E-01 28.8854 20.8794 0.00E+00  
 2766 717.329 21.0224 40.7123 2.57E-01 2.38E-01 28.8849 20.8798 0.00E+00  
 2767 716.996 21.0216 40.7143 2.50E-01 2.56E-01 28.8867 20.879 0.00E+00  
 2768 716.663 21.0216 40.7133 2.61E-01 2.31E-01 28.8859 20.8791 0.00E+00  
 2769 715.997 21.0208 40.7143 2.49E-01 2.55E-01 28.8869 20.8784 0.00E+00  
 2770 715.331 21.0216 40.7138 2.54E-01 2.48E-01 28.8862 20.8793 0.00E+00  
 2771 714.998 21.0208 40.7136 2.58E-01 2.42E-01 28.8863 20.8786 0.00E+00  
 2772 714.665 21.0208 40.7137 2.53E-01 2.44E-01 28.8863 20.8786 0.00E+00  
 2773 714.332 21.0208 40.715 2.56E-01 2.38E-01 28.8873 20.8787 0.00E+00  
 2774 713.666 21.0208 40.7141 2.53E-01 2.52E-01 28.8866 20.8788 0.00E+00  
 2775 713.001 21.0208 40.7143 2.58E-01 2.38E-01 28.8867 20.879 0.00E+00  
 2776 712.668 21.02 40.7141 2.60E-01 2.27E-01 28.8868 20.8782 0.00E+00  
 2777 712.002 21.0208 40.7136 2.49E-01 2.44E-01 28.8861 20.8792 0.00E+00  
 2778 711.669 21.02 40.7133 2.62E-01 2.39E-01 28.8861 20.8784 0.00E+00  
 2779 711.003 21.0208 40.7139 2.48E-01 2.49E-01 28.8863 20.8794 0.00E+00  
 2780 710.67 21.02 40.7137 2.52E-01 2.47E-01 28.8863 20.8786 0.00E+00  
 2781 710.004 21.02 40.714 2.58E-01 2.34E-01 28.8865 20.8787 0.00E+00  
 2782 709.671 21.02 40.7141 2.54E-01 2.50E-01 28.8866 20.8788 0.00E+00  
 2783 709.338 21.02 40.7142 2.56E-01 2.32E-01 28.8867 20.8789 0.00E+00  
 2784 709.005 21.02 40.7132 2.60E-01 2.36E-01 28.8859 20.8789 0.00E+00  
 2785 708.34 21.02 40.7135 2.66E-01 2.34E-01 28.886 20.8791 0.00E+00  
 2786 708.007 21.02 40.7136 2.55E-01 2.49E-01 28.8861 20.8791 0.00E+00  
 2787 707.341 21.02 40.7127 2.44E-01 2.52E-01 28.8854 20.8793 0.00E+00  
 2788 707.341 21.0191 40.7146 2.61E-01 2.32E-01 28.8871 20.8784 0.00E+00  
 2789 706.675 21.02 40.7141 2.65E-01 2.34E-01 28.8864 20.8794 0.00E+00  
 2790 706.342 21.02 40.7131 2.61E-01 2.33E-01 28.8856 20.8795 0.00E+00  
 2791 705.676 21.0191 40.7153 2.41E-01 2.52E-01 28.8875 20.8788 0.00E+00  
 2792 705.343 21.02 40.7135 2.61E-01 2.37E-01 28.8858 20.8797 0.00E+00  
 2793 705.01 21.0191 40.7132 2.44E-01 2.54E-01 28.8859 20.8789 0.00E+00  
 2794 704.677 21.0183 40.7153 2.61E-01 2.32E-01 28.8877 20.8782 0.00E+00  
 2795 704.011 21.02 40.7128 2.49E-01 2.52E-01 28.8853 20.8799 0.00E+00  
 2796 703.678 21.0191 40.7137 2.62E-01 2.36E-01 28.8862 20.8792 0.00E+00  
 2797 703.345 21.02 40.7131 2.50E-01 2.44E-01 28.8854 20.8801 0.00E+00  
 2798 703.012 21.0191 40.7128 2.54E-01 2.54E-01 28.8855 20.8793 0.00E+00  
 2799 702.679 21.0191 40.7141 2.58E-01 2.38E-01 28.8864 20.8794 0.00E+00  
 2800 702.347 21.0183 40.7139 2.62E-01 2.32E-01 28.8865 20.8787 0.00E+00  
 2801 702.014 21.0183 40.714 2.80E-01 2.32E-01 28.8865 20.8787 0.00E+00  
 2802 702.014 21.0183 40.7151 2.76E-01 2.37E-01 28.8874 20.8787 0.00E+00  
 2803 701.681 21.0183 40.713 2.70E-01 2.34E-01 28.8857 20.8788 0.00E+00  
 2804 701.681 21.0175 40.7138 2.72E-01 2.37E-01 28.8866 20.878 0.00E+00  
 2805 701.348 21.0183 40.7131 2.66E-01 2.28E-01 28.8858 20.8789 0.00E+00  
