06xx/644/04dk.cnv
* Sea-Bird SBE 19 Data File:      
* FileName = C:\Instruments\Sbe2741\Data\Hex files\20100126 A cast4.hex     
* Software Version Seasave V 7.17a      
* Temperature SN = 2741       
* Conductivity SN = 2741       
* System UpLoad Time = Jan 26 2010 13:02:57   
** Ship:          
** Station:          
** Operator:          
# nquan = 9        
# nvalues = 5006        
# units = specified        
# name 0 = scan: Scan Count     
# name 1 = prSM: Pressure Strain Gauge [db]   
# name 2 = t068C: Temperature [ITS-68 deg C]   
# name 3 = sal00: Salinity [PSU]     
# name 4 = par: PAR/Irradiance Biospherical/Licor     
# name 5 = flSP: Fluorescence Seapoint     
# name 6 = sigma-?00: Density [sigma-theta Kg/m^3]    
# name 7 = potemp068C: Potential Temperature [ITS-68 deg C]  
# name 8 = flag: 0.00E+00      
# span 0 = 1 5006      
# span 1 = -0.371 725.651      
# span 2 = 16.1486 22.9279      
# span 3 = 0.2045 42.494      
# span 4 = 4.36E-02 2.08E+03      
# span 5 = 0.00E+00 8.28E-01      
# span 6 = -1.7345 30.7112      
# span 7 = 16.1486 22.9088      
# span 8 = 0.00E+00 0.00E+00      
# interval = seconds: 0.5       
# start_time = Jan 26 2010 13:02:57     
# bad_flag = -9.99E-29        
*END*           
[from data line 1303]
 1734 595.434 21.0047 40.7121 2.18E-01 2.33E-01 28.8829 20.8865 0.00E+00  
 1735 595.767 21.0047 40.712 2.23E-01 2.34E-01 28.8828 20.8865 0.00E+00  
 1736 596.434 21.0047 40.7129 2.18E-01 2.30E-01 28.8835 20.8863 0.00E+00  
 1737 596.767 21.0055 40.7119 2.24E-01 2.39E-01 28.8826 20.8871 0.00E+00  
 1738 597.433 21.0055 40.7117 2.19E-01 2.32E-01 28.8825 20.887 0.00E+00  
 1739 597.766 21.0055 40.7104 2.22E-01 2.30E-01 28.8815 20.8869 0.00E+00  
 1740 598.099 21.0055 40.7114 2.19E-01 2.38E-01 28.8823 20.8868 0.00E+00  
 1741 598.766 21.0055 40.7112 2.24E-01 2.32E-01 28.8821 20.8867 0.00E+00  
 1742 599.432 21.0047 40.7117 2.17E-01 2.33E-01 28.8828 20.8858 0.00E+00  
 1743 599.765 21.0055 40.7119 2.23E-01 2.33E-01 28.8828 20.8865 0.00E+00  
 1744 600.098 21.0064 40.7122 2.19E-01 2.37E-01 28.8827 20.8873 0.00E+00  
 1745 600.765 21.0055 40.7104 2.24E-01 2.27E-01 28.8817 20.8863 0.00E+00  
 1746 601.098 21.0047 40.7134 2.18E-01 2.33E-01 28.8842 20.8854 0.00E+00  
 1747 601.431 21.0055 40.7113 2.24E-01 2.32E-01 28.8824 20.8862 0.00E+00  
 1748 602.097 21.0055 40.7111 2.19E-01 2.37E-01 28.8822 20.8861 0.00E+00  
 1749 602.43 21.0056 40.7121 2.23E-01 2.33E-01 28.883 20.886 0.00E+00  
 1750 603.097 21.0056 40.7118 2.18E-01 2.30E-01 28.8829 20.8859 0.00E+00  
 1751 603.43 21.0064 40.7109 2.25E-01 2.34E-01 28.8819 20.8866 0.00E+00  
 1752 604.096 21.0056 40.7114 2.19E-01 2.31E-01 28.8826 20.8857 0.00E+00  
 1753 604.429 21.0056 40.7124 2.24E-01 2.34E-01 28.8834 20.8856 0.00E+00  
 1754 604.763 21.0064 40.7115 2.19E-01 2.33E-01 28.8825 20.8864 0.00E+00  
 1755 605.429 21.0056 40.7132 2.24E-01 2.38E-01 28.884 20.8854 0.00E+00  
 1756 605.762 21.0064 40.7111 2.18E-01 2.31E-01 28.8823 20.8862 0.00E+00  
 1757 606.095 21.0064 40.711 2.23E-01 2.36E-01 28.8822 20.8861 0.00E+00  
 1758 606.761 21.0064 40.7108 2.18E-01 2.28E-01 28.882 20.886 0.00E+00  
 1759 607.095 21.0064 40.7118 2.26E-01 2.33E-01 28.8828 20.8859 0.00E+00  
 1760 607.761 21.0072 40.7107 2.18E-01 2.33E-01 28.8818 20.8866 0.00E+00  
 1761 608.094 21.0072 40.7106 2.24E-01 2.34E-01 28.8818 20.8865 0.00E+00  
 1762 608.427 21.0064 40.7135 2.19E-01 2.30E-01 28.8842 20.8856 0.00E+00  
 1763 609.093 21.0064 40.711 2.25E-01 2.34E-01 28.8824 20.8855 0.00E+00  
 1764 609.427 21.0072 40.7124 2.19E-01 2.34E-01 28.8832 20.8863 0.00E+00  
 1765 610.093 21.0064 40.7129 2.24E-01 2.36E-01 28.8839 20.8853 0.00E+00  
 1766 610.426 21.0056 40.7124 2.19E-01 2.36E-01 28.8837 20.8844 0.00E+00  
 1767 610.759 21.0072 40.7119 2.26E-01 2.34E-01 28.8829 20.886 0.00E+00  
 1768 611.425 21.0064 40.7124 2.18E-01 2.32E-01 28.8835 20.885 0.00E+00  
 1769 612.092 21.0064 40.7133 2.25E-01 2.38E-01 28.8843 20.8849 0.00E+00  
 1770 612.758 21.0064 40.7119 2.21E-01 2.39E-01 28.8832 20.8848 0.00E+00  
 1771 612.425 21.0072 40.7112 2.24E-01 2.32E-01 28.8825 20.8857 0.00E+00  
 1772 613.091 21.0072 40.711 2.19E-01 2.31E-01 28.8823 20.8855 0.00E+00  
 1773 613.757 21.0081 40.7099 2.25E-01 2.34E-01 28.8813 20.8862 0.00E+00  
 1774 614.091 21.0073 40.7117 2.19E-01 2.37E-01 28.883 20.8853 0.00E+00  
 1775 614.424 21.0081 40.7108 2.24E-01 2.30E-01 28.882 20.8861 0.00E+00  
 1776 614.757 21.0073 40.7115 2.19E-01 2.36E-01 28.8828 20.8852 0.00E+00  
 1777 615.423 21.0073 40.7124 2.26E-01 2.36E-01 28.8835 20.8851 0.00E+00  
 1778 616.089 21.0081 40.7102 2.19E-01 2.33E-01 28.8816 20.8858 0.00E+00  
 1779 616.422 21.0073 40.712 2.25E-01 2.34E-01 28.8833 20.8849 0.00E+00  
 1780 616.756 21.0073 40.713 2.20E-01 2.32E-01 28.8841 20.8848 0.00E+00  
 1781 617.089 21.0073 40.7106 2.27E-01 2.36E-01 28.8822 20.8848 0.00E+00  
 1782 617.755 21.0073 40.7126 2.20E-01 2.32E-01 28.8838 20.8846 0.00E+00  
 1783 618.088 21.0081 40.7117 2.25E-01 2.34E-01 28.8829 20.8854 0.00E+00  
 1784 618.754 21.0073 40.7122 2.19E-01 2.33E-01 28.8836 20.8844 0.00E+00  
 1785 619.421 21.0081 40.7112 2.26E-01 2.32E-01 28.8826 20.8851 0.00E+00  
 1786 619.754 21.0081 40.7111 2.19E-01 2.32E-01 28.8825 20.8851 0.00E+00  
 1787 619.754 21.0081 40.7122 2.25E-01 2.34E-01 28.8834 20.8851 0.00E+00  
 1788 620.42 21.0089 40.7123 2.21E-01 2.37E-01 28.8833 20.8858 0.00E+00  
 1789 621.086 21.0081 40.7117 2.24E-01 2.38E-01 28.8831 20.8848 0.00E+00  
 1790 621.419 21.0073 40.7135 2.21E-01 2.27E-01 28.8847 20.8839 0.00E+00  
 1791 622.086 21.0081 40.7125 2.25E-01 2.37E-01 28.8837 20.8846 0.00E+00  
 1792 622.419 21.0081 40.7123 2.21E-01 2.37E-01 28.8836 20.8845 0.00E+00  
 1793 622.752 21.0081 40.7122 2.25E-01 2.33E-01 28.8836 20.8845 0.00E+00  
 1794 623.418 21.0089 40.7123 2.23E-01 2.32E-01 28.8834 20.8852 0.00E+00  
 1795 623.751 21.0089 40.711 2.26E-01 2.38E-01 28.8825 20.8851 0.00E+00  
 1796 624.084 21.0089 40.7132 2.21E-01 2.32E-01 28.8841 20.885 0.00E+00  
 1797 624.417 21.009 40.7108 2.25E-01 2.38E-01 28.8823 20.885 0.00E+00  
 1798 625.084 21.0081 40.7125 2.20E-01 2.31E-01 28.8839 20.884 0.00E+00  
 1799 625.417 21.009 40.7127 2.28E-01 2.36E-01 28.8838 20.8848 0.00E+00  
 1800 626.083 21.0098 40.7116 2.19E-01 2.34E-01 28.8828 20.8855 0.00E+00  
 1801 626.416 21.009 40.7123 2.25E-01 2.38E-01 28.8836 20.8846 0.00E+00  
 1802 627.082 21.0098 40.7113 2.21E-01 2.32E-01 28.8826 20.8853 0.00E+00  
 1803 627.415 21.0098 40.7111 2.26E-01 2.32E-01 28.8825 20.8852 0.00E+00  
 1804 628.081 21.0098 40.7113 2.21E-01 2.34E-01 28.8827 20.8851 0.00E+00  
 1805 628.081 21.0098 40.7116 2.24E-01 2.38E-01 28.883 20.8851 0.00E+00  
 1806 628.748 21.0098 40.7118 2.20E-01 2.33E-01 28.8831 20.8849 0.00E+00  
 1807 629.081 21.0098 40.7116 2.25E-01 2.36E-01 28.883 20.8849 0.00E+00  
 1808 629.747 21.009 40.7122 2.21E-01 2.32E-01 28.8837 20.8839 0.00E+00  
 1809 630.08 21.009 40.7132 2.26E-01 2.39E-01 28.8845 20.8838 0.00E+00  
 1810 630.746 21.009 40.7129 2.22E-01 2.34E-01 28.8843 20.8837 0.00E+00  
 1811 631.079 21.009 40.7128 2.27E-01 2.39E-01 28.8842 20.8836 0.00E+00  
 1812 631.412 21.009 40.7138 2.23E-01 2.33E-01 28.885 20.8836 0.00E+00  
 1813 632.079 21.0098 40.7116 2.27E-01 2.31E-01 28.8832 20.8843 0.00E+00  
 1814 632.412 21.0098 40.7115 2.22E-01 2.32E-01 28.8831 20.8842 0.00E+00  
 1815 632.412 21.0098 40.7126 2.24E-01 2.42E-01 28.884 20.8842 0.00E+00  
 1816 633.078 21.0098 40.7112 2.22E-01 2.36E-01 28.8829 20.8841 0.00E+00  
 1817 633.744 21.0098 40.7133 2.28E-01 2.34E-01 28.8845 20.8839 0.00E+00  
 1818 634.077 21.0098 40.712 2.22E-01 2.33E-01 28.8836 20.8839 0.00E+00  
 1819 634.743 21.009 40.7114 2.28E-01 2.36E-01 28.8834 20.8829 0.00E+00  
 1820 635.077 21.0098 40.7128 2.24E-01 2.36E-01 28.8842 20.8837 0.00E+00  
 1821 635.41 21.0098 40.7126 2.27E-01 2.31E-01 28.8841 20.8836 0.00E+00  
 1822 636.076 21.0098 40.7124 2.22E-01 2.37E-01 28.884 20.8835 0.00E+00  
 1823 636.409 21.0098 40.7122 2.27E-01 2.36E-01 28.8839 20.8834 0.00E+00  
 1824 636.742 21.0106 40.7113 2.23E-01 2.34E-01 28.883 20.8842 0.00E+00  
 1825 637.408 21.0098 40.7119 2.29E-01 2.36E-01 28.8836 20.8832 0.00E+00  
 1826 637.741 21.0098 40.7129 2.22E-01 2.28E-01 28.8844 20.8831 0.00E+00  
 1827 638.407 21.0106 40.713 2.27E-01 2.30E-01 28.8843 20.8838 0.00E+00  
 1828 638.74 21.0098 40.7136 2.23E-01 2.32E-01 28.8851 20.8829 0.00E+00  
 1829 639.074 21.0106 40.7127 2.26E-01 2.34E-01 28.8842 20.8837 0.00E+00  
 1830 639.74 21.0098 40.7132 2.23E-01 2.30E-01 28.8848 20.8827 0.00E+00  
 1831 639.74 21.0106 40.7125 2.28E-01 2.37E-01 28.884 20.8836 0.00E+00  
 1832 640.739 21.0106 40.7121 2.23E-01 2.32E-01 28.8838 20.8834 0.00E+00  
 1833 641.072 21.0106 40.7131 2.26E-01 2.34E-01 28.8845 20.8833 0.00E+00  
 1834 641.405 21.0106 40.713 2.23E-01 2.36E-01 28.8845 20.8832 0.00E+00  
 1835 642.071 21.0114 40.7119 2.28E-01 2.37E-01 28.8835 20.8839 0.00E+00  
 1836 642.404 21.0114 40.7129 2.23E-01 2.28E-01 28.8843 20.8839 0.00E+00  
 1837 643.07 21.0106 40.7112 2.27E-01 2.37E-01 28.8832 20.8829 0.00E+00  
 1838 643.404 21.0106 40.7133 2.23E-01 2.30E-01 28.8849 20.8828 0.00E+00  
 1839 644.07 21.0114 40.7123 2.29E-01 2.30E-01 28.8839 20.8835 0.00E+00  
 1840 644.403 21.0114 40.7122 2.23E-01 2.36E-01 28.8838 20.8835 0.00E+00  
 1841 644.736 21.0106 40.7128 2.28E-01 2.36E-01 28.8845 20.8826 0.00E+00  
 1842 645.402 21.0114 40.7129 2.23E-01 2.31E-01 28.8844 20.8833 0.00E+00  
 1843 645.735 21.0114 40.7128 2.29E-01 2.33E-01 28.8843 20.8832 0.00E+00  
 1844 646.068 21.0114 40.7138 2.23E-01 2.32E-01 28.8851 20.8831 0.00E+00  
 1845 646.734 21.0114 40.7124 2.27E-01 2.34E-01 28.8841 20.883 0.00E+00  
 1846 647.067 21.0106 40.7142 2.25E-01 2.33E-01 28.8857 20.8821 0.00E+00  
 1847 647.4 21.0123 40.7125 2.27E-01 2.36E-01 28.884 20.8837 0.00E+00  
 1848 648.066 21.0106 40.7138 2.23E-01 2.32E-01 28.8855 20.8819 0.00E+00  
 1849 648.733 21.0114 40.7139 2.29E-01 2.34E-01 28.8854 20.8826 0.00E+00  
 1850 649.066 21.0114 40.7149 2.24E-01 2.32E-01 28.8862 20.8825 0.00E+00  
 1851 649.399 21.0114 40.7125 2.28E-01 2.36E-01 28.8844 20.8825 0.00E+00  
 1852 649.732 21.0106 40.7143 2.24E-01 2.36E-01 28.886 20.8816 0.00E+00  
 1853 650.398 21.0106 40.7152 2.28E-01 2.39E-01 28.8867 20.8814 0.00E+00  
 1854 650.731 21.0123 40.7124 2.24E-01 2.37E-01 28.8841 20.883 0.00E+00  
 1855 651.397 21.0114 40.714 2.26E-01 2.36E-01 28.8856 20.8821 0.00E+00  
 1856 651.73 21.0123 40.7131 2.23E-01 2.33E-01 28.8847 20.8828 0.00E+00  
 1857 652.396 21.0114 40.7136 2.28E-01 2.33E-01 28.8854 20.8819 0.00E+00  
 1858 652.729 21.0114 40.7135 2.23E-01 2.28E-01 28.8853 20.8818 0.00E+00  
 1859 653.062 21.0123 40.7126 2.28E-01 2.37E-01 28.8844 20.8825 0.00E+00  
 1860 653.728 21.0123 40.7123 2.23E-01 2.32E-01 28.8842 20.8824 0.00E+00  
 1861 654.061 21.0123 40.7134 2.28E-01 2.41E-01 28.885 20.8823 0.00E+00  
 1862 654.395 21.0123 40.7121 2.24E-01 2.33E-01 28.8841 20.8823 0.00E+00  
 1863 655.061 21.0123 40.713 2.28E-01 2.37E-01 28.8848 20.8821 0.00E+00  
 1864 655.727 21.0131 40.7131 2.26E-01 2.32E-01 28.8847 20.8828 0.00E+00  
 1865 656.06 21.0123 40.7137 2.28E-01 2.34E-01 28.8854 20.8819 0.00E+00  
 1866 656.393 21.0115 40.7132 2.23E-01 2.31E-01 28.8853 20.8811 0.00E+00  
 1867 657.059 21.0131 40.7126 2.28E-01 2.37E-01 28.8844 20.8826 0.00E+00  
 1868 657.392 21.0123 40.7132 2.26E-01 2.36E-01 28.8851 20.8817 0.00E+00  
 1869 657.725 21.0131 40.7123 2.28E-01 2.33E-01 28.8842 20.8824 0.00E+00  
 1870 658.391 21.0131 40.7132 2.25E-01 2.33E-01 28.8849 20.8823 0.00E+00  
 1871 658.724 21.0131 40.7119 2.28E-01 2.36E-01 28.884 20.8822 0.00E+00  
 1872 659.39 21.0139 40.712 2.26E-01 2.34E-01 28.8838 20.8829 0.00E+00  
 1873 659.723 21.0131 40.7138 2.28E-01 2.32E-01 28.8855 20.882 0.00E+00  
 1874 660.056 21.0131 40.7125 2.24E-01 2.32E-01 28.8845 20.882 0.00E+00  
 1875 660.389 21.0131 40.7136 2.29E-01 2.38E-01 28.8853 20.8819 0.00E+00  
 1876 661.055 21.0139 40.7125 2.25E-01 2.28E-01 28.8843 20.8826 0.00E+00  
 1877 661.721 21.0148 40.7115 2.28E-01 2.33E-01 28.8833 20.8833 0.00E+00  
 1878 662.054 21.0131 40.7129 2.26E-01 2.34E-01 28.8849 20.8816 0.00E+00  
 1879 662.388 21.0131 40.7128 2.28E-01 2.39E-01 28.8848 20.8815 0.00E+00  
 1880 662.721 21.0131 40.7138 2.25E-01 2.30E-01 28.8856 20.8814 0.00E+00  
 1881 663.72 21.0131 40.7134 2.28E-01 2.38E-01 28.8854 20.8812 0.00E+00  
 1882 664.053 21.0139 40.7136 2.26E-01 2.28E-01 28.8853 20.882 0.00E+00  
 1883 664.386 21.0139 40.7135 2.30E-01 2.33E-01 28.8853 20.8819 0.00E+00  
 1884 665.052 21.0139 40.711 2.25E-01 2.38E-01 28.8834 20.8818 0.00E+00  
 1885 665.385 21.0139 40.7131 2.31E-01 2.39E-01 28.885 20.8817 0.00E+00  
 1886 666.051 21.0148 40.7132 2.26E-01 2.31E-01 28.8849 20.8824 0.00E+00  
 1887 666.384 21.0139 40.7127 2.29E-01 2.27E-01 28.8848 20.8815 0.00E+00  
 1888 666.717 21.0139 40.7126 2.26E-01 2.36E-01 28.8847 20.8814 0.00E+00  
 1889 667.383 21.0148 40.7127 2.28E-01 2.34E-01 28.8846 20.8821 0.00E+00  
 1890 667.716 21.0148 40.7126 2.27E-01 2.34E-01 28.8845 20.882 0.00E+00  
 1891 668.382 21.0139 40.7131 2.29E-01 2.36E-01 28.8852 20.8811 0.00E+00  
 1892 668.715 21.0139 40.713 2.26E-01 2.37E-01 28.8851 20.881 0.00E+00  
 1893 669.381 21.0139 40.7139 2.28E-01 2.37E-01 28.8858 20.8809 0.00E+00  
 1894 669.714 21.0148 40.713 2.28E-01 2.30E-01 28.8849 20.8816 0.00E+00  
 1895 670.047 21.0148 40.7128 2.28E-01 2.33E-01 28.8848 20.8816 0.00E+00  
 1896 670.713 21.0148 40.7126 2.26E-01 2.33E-01 28.8847 20.8814 0.00E+00  
 1897 671.046 21.0156 40.7117 2.30E-01 2.33E-01 28.8838 20.8822 0.00E+00  
 1898 671.379 21.0148 40.7135 2.28E-01 2.37E-01 28.8854 20.8813 0.00E+00  
 1899 672.045 21.0148 40.7121 2.28E-01 2.37E-01 28.8844 20.8812 0.00E+00  
 1900 672.378 21.0148 40.7142 2.27E-01 2.34E-01 28.886 20.8811 0.00E+00  
 1901 672.711 21.0156 40.7133 2.30E-01 2.37E-01 28.8851 20.8819 0.00E+00  
 1902 673.377 21.0164 40.7123 2.27E-01 2.36E-01 28.8841 20.8826 0.00E+00  
 1903 673.71 21.0148 40.7148 2.29E-01 2.34E-01 28.8866 20.8808 0.00E+00  
 1904 674.376 21.0148 40.7146 2.18E-01 2.34E-01 28.8864 20.8807 0.00E+00  
 1905 674.709 21.0156 40.7125 2.33E-01 2.37E-01 28.8846 20.8815 0.00E+00  
 1906 675.375 21.0148 40.7131 2.28E-01 2.33E-01 28.8853 20.8805 0.00E+00  
 1907 675.708 21.0148 40.7141 2.31E-01 2.39E-01 28.8861 20.8804 0.00E+00  
 1908 676.041 21.0148 40.714 2.27E-01 2.38E-01 28.886 20.8804 0.00E+00  
 1909 676.707 21.0156 40.7118 2.28E-01 2.34E-01 28.8842 20.8811 0.00E+00  
 1910 676.707 21.0148 40.7148 2.28E-01 2.34E-01 28.8867 20.8802 0.00E+00  
 1911 677.706 21.0156 40.7137 2.29E-01 2.33E-01 28.8857 20.8809 0.00E+00  
 1912 678.039 21.0156 40.7135 2.28E-01 2.34E-01 28.8856 20.8808 0.00E+00  
 1913 678.705 21.0148 40.7141 2.29E-01 2.34E-01 28.8863 20.8798 0.00E+00  
 1914 679.038 21.0156 40.7132 2.27E-01 2.36E-01 28.8854 20.8806 0.00E+00  
 1915 679.371 21.0156 40.713 2.31E-01 2.39E-01 28.8853 20.8805 0.00E+00  
 1916 680.037 21.0156 40.7139 2.28E-01 2.38E-01 28.886 20.8804 0.00E+00  
 1917 680.37 21.0156 40.7138 2.29E-01 2.33E-01 28.8859 20.8803 0.00E+00  
 1918 680.703 21.0156 40.7137 2.28E-01 2.37E-01 28.8858 20.8803 0.00E+00  
 1919 681.369 21.0156 40.7123 2.31E-01 2.43E-01 28.8848 20.8801 0.00E+00  
 1920 681.702 21.0164 40.7136 2.29E-01 2.33E-01 28.8856 20.8809 0.00E+00  
 1921 682.368 21.0148 40.7149 2.28E-01 2.39E-01 28.8871 20.8791 0.00E+00  
 1922 682.701 21.0164 40.7144 2.28E-01 2.38E-01 28.8863 20.8807 0.00E+00  
 1923 683.034 21.0164 40.7131 2.30E-01 2.38E-01 28.8853 20.8806 0.00E+00  
 1924 683.7 21.0167 40.7126 2.28E-01 2.33E-01 28.8849 20.8808 0.00E+00  
 1925 684.033 21.017 40.7122 2.27E-01 2.34E-01 28.8845 20.881 0.00E+00  
 1926 684.699 21.0172 40.7117 2.27E-01 2.32E-01 28.8841 20.8811 0.00E+00  
 1927 685.032 21.0172 40.7116 2.32E-01 2.34E-01 28.884 20.8811 0.00E+00  
 1928 685.698 21.0164 40.7132 2.28E-01 2.34E-01 28.8856 20.8801 0.00E+00  
 1929 686.364 21.0172 40.7133 2.30E-01 2.38E-01 28.8854 20.8808 0.00E+00  
 1930 686.697 21.0164 40.714 2.30E-01 2.36E-01 28.8862 20.8799 0.00E+00  
 1931 687.03 21.0164 40.715 2.30E-01 2.36E-01 28.887 20.8798 0.00E+00  
 1932 687.363 21.0172 40.7129 2.28E-01 2.28E-01 28.8852 20.8805 0.00E+00  
 1933 687.696 21.0164 40.7136 2.31E-01 2.34E-01 28.886 20.8797 0.00E+00  
 1934 688.362 21.0172 40.7126 2.28E-01 2.32E-01 28.885 20.8803 0.00E+00  
 1935 688.695 21.0172 40.7136 2.29E-01 2.36E-01 28.8858 20.8803 0.00E+00  
 1936 689.361 21.0164 40.7152 2.28E-01 2.38E-01 28.8873 20.8793 0.00E+00  
 1937 689.694 21.0172 40.7132 2.31E-01 2.39E-01 28.8855 20.8801 0.00E+00  
 1938 690.027 21.0172 40.7131 2.30E-01 2.36E-01 28.8855 20.88 0.00E+00  
 1939 690.693 21.0172 40.7128 2.29E-01 2.37E-01 28.8853 20.8799 0.00E+00  
 1940 691.026 21.018 40.713 2.30E-01 2.38E-01 28.8853 20.8806 0.00E+00  
 1941 691.359 21.0172 40.7137 2.33E-01 2.37E-01 28.886 20.8797 0.00E+00  
 1942 692.025 21.0172 40.7146 2.30E-01 2.33E-01 28.8867 20.8796 0.00E+00  
 1943 692.358 21.018 40.7125 2.31E-01 2.34E-01 28.8849 20.8804 0.00E+00  
 1944 693.024 21.018 40.7134 2.30E-01 2.38E-01 28.8857 20.8802 0.00E+00  
 1945 693.357 21.0172 40.7129 2.32E-01 2.41E-01 28.8855 20.8793 0.00E+00  
 1946 693.69 21.018 40.7132 2.30E-01 2.36E-01 28.8855 20.88 0.00E+00  
 1947 693.69 21.018 40.7132 2.31E-01 2.39E-01 28.8855 20.88 0.00E+00  
