06xx/644/04dk.cnv
* Sea-Bird SBE 19 Data File:      
* FileName = C:\Instruments\Sbe2741\Data\Hex files\20100126 A cast4.hex     
* Software Version Seasave V 7.17a      
* Temperature SN = 2741       
* Conductivity SN = 2741       
* System UpLoad Time = Jan 26 2010 13:02:57   
** Ship:          
** Station:          
** Operator:          
# nquan = 9        
# nvalues = 5006        
# units = specified        
# name 0 = scan: Scan Count     
# name 1 = prSM: Pressure Strain Gauge [db]   
# name 2 = t068C: Temperature [ITS-68 deg C]   
# name 3 = sal00: Salinity [PSU]     
# name 4 = par: PAR/Irradiance Biospherical/Licor     
# name 5 = flSP: Fluorescence Seapoint     
# name 6 = sigma-?00: Density [sigma-theta Kg/m^3]    
# name 7 = potemp068C: Potential Temperature [ITS-68 deg C]  
# name 8 = flag: 0.00E+00      
# span 0 = 1 5006      
# span 1 = -0.371 725.651      
# span 2 = 16.1486 22.9279      
# span 3 = 0.2045 42.494      
# span 4 = 4.36E-02 2.08E+03      
# span 5 = 0.00E+00 8.28E-01      
# span 6 = -1.7345 30.7112      
# span 7 = 16.1486 22.9088      
# span 8 = 0.00E+00 0.00E+00      
# interval = seconds: 0.5       
# start_time = Jan 26 2010 13:02:57     
# bad_flag = -9.99E-29        
*END*           
 431 1.97 22.817 40.4045 5.79E+02 4.46E-01 28.0948 22.8166 0.00E+00  
 432 1.97 22.821 40.4073 8.24E+02 4.84E-01 28.0958 22.8206 0.00E+00  
 433 1.97 22.8234 40.3974 1.20E+03 3.98E-01 28.0875 22.823 0.00E+00  
 434 1.97 22.8194 40.4022 6.42E+02 4.33E-01 28.0924 22.8189 0.00E+00  
 435 1.97 22.8194 40.4055 6.54E+02 4.04E-01 28.0949 22.8189 0.00E+00  
 436 1.97 22.8177 40.4026 1.17E+03 4.29E-01 28.0931 22.8173 0.00E+00  
 437 1.97 22.8137 40.4008 4.59E+02 4.08E-01 28.093 22.8133 0.00E+00  
 438 1.97 22.8129 40.4093 6.61E+02 4.31E-01 28.0996 22.8125 0.00E+00  
 439 1.97 22.8193 40.4077 5.85E+02 4.24E-01 28.0965 22.8189 0.00E+00  
 440 1.97 22.8218 40.4021 8.90E+02 4.31E-01 28.0916 22.8213 0.00E+00  
 441 1.97 22.821 40.3985 6.39E+02 4.30E-01 28.0891 22.8206 0.00E+00  
 442 2.304 22.8169 40.3922 6.16E+02 4.33E-01 28.0855 22.8164 0.00E+00  
 443 1.97 22.8056 40.3994 5.20E+02 4.26E-01 28.0943 22.8052 0.00E+00  
 444 1.97 22.8008 40.4039 6.61E+02 6.04E-01 28.0991 22.8004 0.00E+00  
 445 1.97 22.8016 40.4021 8.97E+02 4.24E-01 28.0975 22.8012 0.00E+00  
 446 1.97 22.7968 40.401 1.24E+03 4.14E-01 28.0981 22.7964 0.00E+00  
 447 1.97 22.7935 40.4051 6.68E+02 4.24E-01 28.1022 22.7931 0.00E+00  
 448 1.97 22.7968 40.4076 1.35E+03 4.76E-01 28.1031 22.7963 0.00E+00  
 449 1.97 22.8 40.4046 9.80E+02 4.20E-01 28.0999 22.7996 0.00E+00  
 450 1.97 22.804 40.4119 6.93E+02 4.20E-01 28.1043 22.8036 0.00E+00  
 451 1.97 22.808 40.4004 8.15E+02 4.36E-01 28.0944 22.8076 0.00E+00  
 452 1.97 22.8056 40.4027 7.54E+02 4.60E-01 28.0968 22.8052 0.00E+00  
 453 1.97 22.8056 40.4049 9.14E+02 4.03E-01 28.0984 22.8052 0.00E+00  
 454 1.97 22.8096 40.4077 7.89E+02 4.47E-01 28.0994 22.8092 0.00E+00  
 455 1.97 22.812 40.4066 4.25E+02 4.42E-01 28.0979 22.8116 0.00E+00  
 456 1.97 22.8169 40.4076 1.04E+03 4.86E-01 28.0972 22.8165 0.00E+00  
 457 1.97 22.8225 40.4068 1.07E+03 4.22E-01 28.0949 22.8221 0.00E+00  
 458 1.97 22.8257 40.4082 1.14E+03 4.30E-01 28.095 22.8253 0.00E+00  
 459 1.97 22.8297 40.4044 8.55E+02 4.30E-01 28.091 22.8294 0.00E+00  
 460 1.97 22.8314 40.4029 1.16E+03 4.31E-01 28.0894 22.8309 0.00E+00  
 461 1.97 22.8314 40.4018 1.02E+03 4.24E-01 28.0885 22.8309 0.00E+00  
 462 1.97 22.8305 40.4004 8.77E+02 4.42E-01 28.0877 22.8301 0.00E+00  
 463 1.97 22.8289 40.4052 1.40E+03 3.99E-01 28.0918 22.8285 0.00E+00  
 464 1.97 22.8289 40.4029 8.24E+02 4.47E-01 28.0901 22.8285 0.00E+00  
 465 1.97 22.8289 40.4029 6.91E+02 4.31E-01 28.0901 22.8285 0.00E+00  
 466 1.97 22.8289 40.4018 8.84E+02 4.04E-01 28.0893 22.8285 0.00E+00  
 467 1.97 22.8241 40.403 7.24E+02 3.87E-01 28.0916 22.8237 0.00E+00  
 468 1.97 22.8249 40.4033 1.01E+03 4.58E-01 28.0916 22.8245 0.00E+00  
 469 1.97 22.8289 40.4029 6.73E+02 4.53E-01 28.0901 22.8285 0.00E+00  
 470 1.97 22.8289 40.4029 1.20E+03 4.65E-01 28.0901 22.8285 0.00E+00  
 471 1.97 22.8281 40.3959 1.06E+03 4.20E-01 28.085 22.8277 0.00E+00  
 472 1.97 22.8192 40.4063 5.11E+02 3.98E-01 28.0956 22.8188 0.00E+00  
 473 1.97 22.8224 40.4033 6.93E+02 4.38E-01 28.0923 22.822 0.00E+00  
 474 1.97 22.8192 40.4052 8.30E+02 4.54E-01 28.0947 22.8188 0.00E+00  
 475 1.97 22.816 40.3939 7.77E+02 4.16E-01 28.087 22.8156 0.00E+00  
 476 1.97 22.8063 40.4062 1.05E+03 4.31E-01 28.0992 22.8059 0.00E+00  
 477 1.97 22.8055 40.408 7.01E+02 4.48E-01 28.1008 22.8051 0.00E+00  
 478 1.97 22.8055 40.408 7.94E+02 4.69E-01 28.1008 22.8051 0.00E+00  
 479 1.97 22.8071 40.4065 1.44E+03 4.46E-01 28.0992 22.8067 0.00E+00  
 480 1.97 22.8103 40.4079 6.93E+02 4.18E-01 28.0994 22.8099 0.00E+00  
 481 2.304 22.8128 40.4088 1.43E+03 4.40E-01 28.0994 22.8123 0.00E+00  
 482 2.304 22.816 40.4025 7.60E+02 4.31E-01 28.0936 22.8155 0.00E+00  
 483 2.639 22.8176 40.4075 8.03E+02 4.09E-01 28.097 22.817 0.00E+00  
 484 2.973 22.8229 40.4072 8.97E+02 4.59E-01 28.0951 22.8223 0.00E+00  
 485 3.307 22.8283 40.4068 4.96E+02 4.15E-01 28.0933 22.8276 0.00E+00  
 486 3.976 22.8337 40.4064 6.07E+02 4.22E-01 28.0914 22.8329 0.00E+00  
 487 4.31 22.8353 40.4047 4.38E+02 4.41E-01 28.0898 22.8344 0.00E+00  
 488 4.645 22.8361 40.4061 2.62E+02 4.16E-01 28.0905 22.8351 0.00E+00  
 489 5.314 22.8377 40.4021 1.05E+03 4.04E-01 28.0871 22.8366 0.00E+00  
 490 5.648 22.8361 40.4057 5.48E+02 4.22E-01 28.0903 22.8349 0.00E+00  
 491 5.982 22.8369 40.4026 5.50E+02 4.13E-01 28.0878 22.8356 0.00E+00  
 492 6.317 22.8361 40.4032 5.22E+02 4.26E-01 28.0885 22.8348 0.00E+00  
 493 6.651 22.8352 40.406 4.57E+02 4.18E-01 28.0909 22.8339 0.00E+00  
 494 7.32 22.8344 40.4065 5.64E+02 4.20E-01 28.0915 22.8329 0.00E+00  
 495 7.989 22.836 40.4048 5.26E+02 4.24E-01 28.0898 22.8344 0.00E+00  
 496 7.989 22.836 40.4048 4.66E+02 4.22E-01 28.0898 22.8344 0.00E+00  
 497 8.992 22.836 40.4044 2.89E+02 4.18E-01 28.0896 22.8342 0.00E+00  
 498 9.326 22.836 40.4065 3.34E+02 4.24E-01 28.0912 22.8341 0.00E+00  
 499 9.661 22.8368 40.4045 4.26E+02 4.16E-01 28.0894 22.8348 0.00E+00  
 500 9.995 22.8368 40.4055 3.42E+02 4.46E-01 28.0902 22.8348 0.00E+00  
 501 10.329 22.8376 40.4057 2.57E+02 4.76E-01 28.0901 22.8355 0.00E+00  
 502 10.998 22.8384 40.4047 3.24E+02 4.68E-01 28.0892 22.8361 0.00E+00  
 503 10.998 22.8392 40.4039 3.14E+02 4.44E-01 28.0884 22.8369 0.00E+00  
 504 11.667 22.8392 40.4048 3.06E+02 4.57E-01 28.0891 22.8368 0.00E+00  
 505 12.001 22.8392 40.4046 2.53E+02 4.46E-01 28.089 22.8367 0.00E+00  
 506 12.336 22.8392 40.4034 2.93E+02 4.63E-01 28.0881 22.8367 0.00E+00  
 507 13.004 22.84 40.4035 2.48E+02 4.43E-01 28.088 22.8373 0.00E+00  
 508 13.339 22.84 40.4045 2.60E+02 4.64E-01 28.0887 22.8372 0.00E+00  
 509 13.673 22.8392 40.4051 2.20E+02 4.42E-01 28.0894 22.8363 0.00E+00  
 510 14.007 22.8392 40.4039 2.38E+02 4.80E-01 28.0885 22.8363 0.00E+00  
 511 14.342 22.8392 40.4048 2.25E+02 4.65E-01 28.0893 22.8362 0.00E+00  
 512 14.676 22.8392 40.4058 2.19E+02 4.95E-01 28.0901 22.8361 0.00E+00  
 513 15.345 22.84 40.4048 2.04E+02 4.82E-01 28.0891 22.8368 0.00E+00  
 514 15.679 22.84 40.4036 2.06E+02 4.77E-01 28.0882 22.8367 0.00E+00  
 515 16.348 22.8408 40.4048 2.09E+02 4.81E-01 28.0889 22.8374 0.00E+00  
 516 16.682 22.8416 40.4039 2.15E+02 5.09E-01 28.088 22.8381 0.00E+00  
 517 17.017 22.8416 40.4027 1.79E+02 5.01E-01 28.0871 22.838 0.00E+00  
 518 17.685 22.8408 40.4043 1.83E+02 5.26E-01 28.0886 22.8371 0.00E+00  
 519 18.02 22.8416 40.4034 1.71E+02 5.18E-01 28.0877 22.8378 0.00E+00  
 520 18.354 22.8415 40.4033 1.75E+02 5.43E-01 28.0876 22.8377 0.00E+00  
 521 19.023 22.8407 40.4048 1.54E+02 5.19E-01 28.0891 22.8368 0.00E+00  
 522 19.357 22.8407 40.4025 1.59E+02 5.16E-01 28.0874 22.8367 0.00E+00  
 523 19.692 22.8407 40.4035 1.47E+02 5.25E-01 28.0881 22.8367 0.00E+00  
 524 20.36 22.8415 40.4036 1.53E+02 5.59E-01 28.088 22.8373 0.00E+00  
 525 21.029 22.8407 40.4041 1.32E+02 5.51E-01 28.0887 22.8363 0.00E+00  
 526 21.363 22.8415 40.4032 1.34E+02 5.47E-01 28.0878 22.8371 0.00E+00  
 527 21.698 22.8415 40.4042 1.26E+02 5.65E-01 28.0886 22.837 0.00E+00  
 528 22.032 22.8407 40.4048 1.37E+02 5.73E-01 28.0893 22.8361 0.00E+00  
 529 22.701 22.8423 40.4041 1.22E+02 5.73E-01 28.0884 22.8376 0.00E+00  
 530 23.035 22.8415 40.4048 1.20E+02 5.59E-01 28.0891 22.8367 0.00E+00  
 531 23.704 22.8415 40.4045 1.08E+02 5.85E-01 28.0889 22.8366 0.00E+00  
 532 24.038 22.8415 40.4055 1.16E+02 5.56E-01 28.0897 22.8365 0.00E+00  
 533 24.373 22.8423 40.4046 1.09E+02 5.63E-01 28.0888 22.8372 0.00E+00  
 534 25.041 22.8423 40.4043 1.13E+02 5.75E-01 28.0887 22.8371 0.00E+00  
 535 25.71 22.8431 40.4033 9.81E+01 6.02E-01 28.0877 22.8377 0.00E+00  
 536 25.71 22.8431 40.4044 9.96E+01 5.63E-01 28.0885 22.8377 0.00E+00  
 537 26.379 22.8423 40.4049 9.02E+01 5.79E-01 28.0892 22.8368 0.00E+00  
 538 26.713 22.8431 40.403 9.60E+01 5.79E-01 28.0875 22.8375 0.00E+00  
 539 27.382 22.8423 40.4045 8.89E+01 5.91E-01 28.089 22.8366 0.00E+00  
 540 27.716 22.8422 40.4055 9.12E+01 5.97E-01 28.0897 22.8365 0.00E+00  
 541 28.385 22.843 40.4034 7.64E+01 5.84E-01 28.0879 22.8371 0.00E+00  
 542 28.719 22.8422 40.404 8.29E+01 6.02E-01 28.0887 22.8362 0.00E+00  
 543 29.053 22.8422 40.4028 7.64E+01 6.04E-01 28.0877 22.8362 0.00E+00  
 544 29.722 22.8422 40.4036 7.96E+01 6.03E-01 28.0884 22.836 0.00E+00  
 545 30.056 22.8414 40.4043 7.13E+01 6.15E-01 28.0892 22.8352 0.00E+00  
 546 30.725 22.8406 40.4059 7.28E+01 6.54E-01 28.0907 22.8342 0.00E+00  
 547 31.059 22.8406 40.4057 6.64E+01 6.21E-01 28.0906 22.8341 0.00E+00  
 548 31.728 22.8414 40.4036 6.82E+01 6.56E-01 28.0888 22.8348 0.00E+00  
 549 32.062 22.8406 40.4042 6.17E+01 6.23E-01 28.0895 22.8339 0.00E+00  
 550 32.731 22.8414 40.4043 6.33E+01 6.36E-01 28.0894 22.8346 0.00E+00  
 551 33.065 22.8406 40.4061 5.78E+01 6.46E-01 28.091 22.8337 0.00E+00  
 552 33.4 22.8414 40.4052 5.84E+01 6.80E-01 28.0901 22.8344 0.00E+00  
 553 34.068 22.8422 40.4042 5.39E+01 6.42E-01 28.0891 22.8351 0.00E+00  
 554 34.403 22.8414 40.4048 5.57E+01 6.53E-01 28.0898 22.8342 0.00E+00  
 555 35.071 22.8422 40.4038 5.06E+01 6.59E-01 28.0889 22.8349 0.00E+00  
 556 35.406 22.8422 40.4048 5.12E+01 6.63E-01 28.0897 22.8348 0.00E+00  
 557 35.74 22.8422 40.4046 4.68E+01 6.54E-01 28.0896 22.8347 0.00E+00  
 558 36.409 22.843 40.4036 4.81E+01 6.52E-01 28.0886 22.8354 0.00E+00  
 559 36.743 22.843 40.4035 4.40E+01 6.42E-01 28.0885 22.8353 0.00E+00  
 560 37.412 22.8421 40.404 4.45E+01 6.53E-01 28.0892 22.8344 0.00E+00  
 561 38.08 22.8413 40.4045 4.12E+01 6.47E-01 28.0898 22.8334 0.00E+00  
 562 38.414 22.8421 40.4036 4.22E+01 6.46E-01 28.089 22.8341 0.00E+00  
 563 38.749 22.8421 40.4046 3.88E+01 6.52E-01 28.0897 22.8341 0.00E+00  
 564 39.417 22.8429 40.4047 3.92E+01 6.48E-01 28.0896 22.8347 0.00E+00  
 565 39.752 22.8421 40.4053 3.61E+01 6.43E-01 28.0903 22.8339 0.00E+00  
 566 40.086 22.8421 40.4063 3.65E+01 6.59E-01 28.0911 22.8338 0.00E+00  
 567 40.755 22.8421 40.4049 3.39E+01 6.47E-01 28.0901 22.8336 0.00E+00  
 568 41.089 22.8413 40.4055 3.44E+01 6.67E-01 28.0908 22.8328 0.00E+00  
 569 41.758 22.8413 40.4064 3.16E+01 6.67E-01 28.0915 22.8326 0.00E+00  
 570 42.426 22.8405 40.408 3.24E+01 6.63E-01 28.093 22.8317 0.00E+00  
 571 42.761 22.8413 40.406 3.01E+01 6.75E-01 28.0913 22.8324 0.00E+00  
 572 43.095 22.8405 40.4066 3.00E+01 6.72E-01 28.092 22.8315 0.00E+00  
 573 43.763 22.8397 40.4071 2.72E+01 6.61E-01 28.0927 22.8306 0.00E+00  
 574 44.098 22.8397 40.4081 2.83E+01 6.69E-01 28.0934 22.8305 0.00E+00  
 575 44.766 22.8396 40.4078 2.66E+01 6.62E-01 28.0933 22.8303 0.00E+00  
 576 45.101 22.8413 40.404 2.67E+01 6.75E-01 28.0899 22.8319 0.00E+00  
 577 45.769 22.8404 40.4067 2.43E+01 6.52E-01 28.0923 22.8309 0.00E+00  
 578 46.104 22.8404 40.4088 2.46E+01 6.59E-01 28.0939 22.8309 0.00E+00  
 579 46.438 22.8412 40.4079 2.29E+01 6.62E-01 28.093 22.8316 0.00E+00  
 580 47.107 22.842 40.4069 2.32E+01 6.58E-01 28.092 22.8322 0.00E+00  
 581 47.441 22.8412 40.4064 2.16E+01 6.57E-01 28.0919 22.8313 0.00E+00  
 582 48.109 22.8428 40.4058 2.18E+01 6.58E-01 28.091 22.8328 0.00E+00  
 583 48.444 22.842 40.4075 2.03E+01 6.67E-01 28.0925 22.8319 0.00E+00  
 584 49.112 22.842 40.4083 1.99E+01 6.45E-01 28.0932 22.8318 0.00E+00  
 585 49.447 22.8436 40.4067 1.85E+01 6.46E-01 28.0915 22.8334 0.00E+00  
 586 49.781 22.8436 40.4066 1.90E+01 7.90E-01 28.0915 22.8332 0.00E+00  
 587 50.449 22.8436 40.4074 1.80E+01 7.14E-01 28.0922 22.8331 0.00E+00  
 588 50.784 22.8436 40.4073 1.79E+01 6.50E-01 28.0921 22.833 0.00E+00  
 589 51.452 22.8436 40.4081 1.65E+01 6.28E-01 28.0928 22.8329 0.00E+00  
 590 51.787 22.8436 40.408 1.66E+01 6.51E-01 28.0927 22.8328 0.00E+00  
 591 52.455 22.8444 40.4103 1.58E+01 6.97E-01 28.0942 22.8335 0.00E+00  
 592 52.79 22.8452 40.4138 1.58E+01 6.45E-01 28.0967 22.8342 0.00E+00  
 593 53.124 22.8476 40.4136 1.46E+01 6.42E-01 28.0959 22.8366 0.00E+00  
 594 53.792 22.85 40.4156 1.45E+01 6.19E-01 28.0967 22.8388 0.00E+00  
 595 54.127 22.8516 40.4128 1.31E+01 6.39E-01 28.0942 22.8404 0.00E+00  
 596 54.795 22.8524 40.4107 1.37E+01 6.15E-01 28.0924 22.841 0.00E+00  
 597 55.13 22.8508 40.4099 1.30E+01 6.18E-01 28.0922 22.8393 0.00E+00  
 598 56.132 22.85 40.4081 1.30E+01 6.25E-01 28.0911 22.8383 0.00E+00  
 599 56.132 22.8492 40.411 1.23E+01 6.08E-01 28.0936 22.8375 0.00E+00  
 600 56.467 22.8492 40.4109 1.20E+01 6.17E-01 28.0935 22.8374 0.00E+00  
 601 57.135 22.8492 40.4106 1.15E+01 6.39E-01 28.0934 22.8373 0.00E+00  
 602 57.469 22.8492 40.4116 1.13E+01 6.21E-01 28.0941 22.8372 0.00E+00  
 603 57.804 22.8484 40.4122 1.08E+01 6.20E-01 28.0949 22.8363 0.00E+00  
 604 58.472 22.8492 40.4119 1.05E+01 6.23E-01 28.0945 22.837 0.00E+00  
 605 59.141 22.85 40.4117 1.01E+01 6.20E-01 28.0941 22.8376 0.00E+00  
 606 59.475 22.8508 40.4115 9.94E+00 6.26E-01 28.0937 22.8384 0.00E+00  
 607 59.809 22.85 40.4121 9.58E+00 6.21E-01 28.0945 22.8375 0.00E+00  
 608 60.478 22.8508 40.4144 9.24E+00 6.32E-01 28.096 22.8382 0.00E+00  
 609 60.812 22.8532 40.4143 8.93E+00 6.36E-01 28.0952 22.8405 0.00E+00  
 610 61.481 22.854 40.4133 8.84E+00 6.12E-01 28.0942 22.8412 0.00E+00  
 611 61.815 22.8548 40.4124 8.58E+00 6.04E-01 28.0934 22.8419 0.00E+00  
 612 62.149 22.8548 40.4122 8.24E+00 6.17E-01 28.0933 22.8418 0.00E+00  
 613 62.818 22.8532 40.4124 7.83E+00 6.02E-01 28.0939 22.8401 0.00E+00  
 614 63.486 22.854 40.4136 7.60E+00 6.09E-01 28.0946 22.8407 0.00E+00  
 615 63.821 22.8548 40.4138 7.57E+00 6.37E-01 28.0946 22.8415 0.00E+00  
 616 64.155 22.854 40.4144 7.35E+00 6.79E-01 28.0953 22.8406 0.00E+00  
 617 64.489 22.8556 40.415 7.11E+00 6.08E-01 28.0953 22.8422 0.00E+00  
 618 65.158 22.8564 40.414 6.70E+00 5.96E-01 28.0943 22.8428 0.00E+00  
 619 65.826 22.8564 40.4137 6.63E+00 6.25E-01 28.0942 22.8427 0.00E+00  
 620 65.826 22.8556 40.4145 6.44E+00 6.20E-01 28.095 22.8419 0.00E+00  
 621 66.495 22.8564 40.4157 6.30E+00 6.07E-01 28.0957 22.8425 0.00E+00  
 622 67.163 22.858 40.4139 5.92E+00 6.24E-01 28.0939 22.844 0.00E+00  
 623 67.498 22.8572 40.4145 5.96E+00 6.29E-01 28.0946 22.8431 0.00E+00  
 624 67.832 22.858 40.4136 5.79E+00 6.45E-01 28.0937 22.8439 0.00E+00  
 625 68.5 22.8572 40.4141 5.68E+00 5.90E-01 28.0944 22.8429 0.00E+00  
 626 68.835 22.858 40.4144 5.32E+00 5.93E-01 28.0943 22.8436 0.00E+00  
 627 69.503 22.8572 40.417 5.24E+00 5.96E-01 28.0967 22.8427 0.00E+00  
 628 69.837 22.858 40.4173 5.07E+00 6.13E-01 28.0966 22.8434 0.00E+00  
 629 70.172 22.858 40.4171 5.07E+00 6.18E-01 28.0965 22.8434 0.00E+00  
 630 70.84 22.8596 40.4165 4.80E+00 5.96E-01 28.0956 22.8448 0.00E+00  
 631 71.174 22.8604 40.4167 4.69E+00 6.40E-01 28.0956 22.8455 0.00E+00  
 632 71.509 22.8612 40.4169 4.49E+00 6.20E-01 28.0955 22.8463 0.00E+00  
 633 72.177 22.8612 40.4178 4.49E+00 6.13E-01 28.0962 22.8461 0.00E+00  
 634 72.511 22.8612 40.4176 4.23E+00 6.21E-01 28.0961 22.8461 0.00E+00  
 635 73.18 22.8604 40.417 4.19E+00 6.58E-01 28.0959 22.8451 0.00E+00  
 636 73.514 22.8612 40.4161 4.03E+00 6.37E-01 28.0951 22.8459 0.00E+00  
 637 74.183 22.8595 40.4163 3.99E+00 5.79E-01 28.0957 22.8441 0.00E+00  
 638 74.517 22.8595 40.4161 3.63E+00 5.92E-01 28.0956 22.844 0.00E+00  
 639 75.185 22.8603 40.4173 3.61E+00 6.62E-01 28.0963 22.8447 0.00E+00  
 640 75.52 22.8595 40.4168 3.59E+00 6.35E-01 28.0962 22.8438 0.00E+00  
 641 76.188 22.8603 40.4169 3.60E+00 6.25E-01 28.0961 22.8445 0.00E+00  
 642 76.522 22.8603 40.4168 3.32E+00 5.74E-01 28.096 22.8444 0.00E+00  
 643 76.857 22.8595 40.4174 3.22E+00 5.70E-01 28.0967 22.8435 0.00E+00  
 644 77.525 22.8603 40.4164 3.08E+00 6.37E-01 28.0958 22.8442 0.00E+00  
 645 77.859 22.8611 40.4166 3.12E+00 6.34E-01 28.0957 22.8449 0.00E+00  
 646 78.193 22.8611 40.4176 2.96E+00 6.01E-01 28.0965 22.8448 0.00E+00  
 647 78.862 22.8619 40.4155 2.86E+00 5.79E-01 28.0947 22.8455 0.00E+00  
 648 79.53 22.8611 40.4171 2.63E+00 5.74E-01 28.0962 22.8446 0.00E+00  
 649 79.865 22.8619 40.4162 2.67E+00 5.90E-01 28.0953 22.8453 0.00E+00  
 650 80.533 22.8619 40.4171 2.57E+00 6.01E-01 28.096 22.8452 0.00E+00  
 651 80.867 22.8619 40.4169 2.57E+00 6.20E-01 28.0959 22.8451 0.00E+00  
 652 81.536 22.8611 40.4119 2.38E+00 6.13E-01 28.0923 22.8441 0.00E+00  
