644/02dk.cnv
* Sea-Bird SBE 9 Data File:
* FileName = C:\2013-04\CTD Raw\2013-04-0001.hdr
* Software Version Seasave V 7.22.5
* Temperature SN = 4397
* Conductivity SN = 2992
* Number of Bytes Per Scan = 40
* Number of Voltage Words = 5
* Number of Scans Averaged by the Deck Unit = 1
* NMEA Latitude = 69 24.75 N
* NMEA Longitude = 059 49.74 W
* NMEA UTC (Time) = Jul 24 2013  13:18:00
* NMEA baud rate = 4800
** Ship:  CCGS Louis St-Laurent
** Cruise:  2013-04
** Station:   BAFB-1
** Depth (m):  1496
** This is Ros-1, #2013-03 C3O
** Orig filename 2013-04-0002 renamed to 2013-04-0001
# nquan = 26
# nvalues = 1012                        
# units = specified
# name 0 = scan: Scan Count
# name 1 = prDM: Pressure, Digiquartz [db]
# name 2 = depSM: Depth [salt water, m]
# name 3 = t090C: Temperature [ITS-90, deg C]
# name 4 = t190C: Temperature, 2 [ITS-90, deg C]
# name 5 = c0mS/cm: Conductivity [mS/cm]
# name 6 = c1mS/cm: Conductivity, 2 [mS/cm]
# name 7 = sbeox0V: Oxygen raw, SBE 43 [V]
# name 8 = CStarTr0: Beam Transmission, WET Labs C-Star [%]
# name 9 = v1: Voltage 1
# name 10 = flSP: Fluorescence, Seapoint
# name 11 = v0: Voltage 0
# name 12 = wetCDOM: Fluorescence, WET Labs CDOM [mg/m^3]
# name 13 = v4: Voltage 4
# name 14 = upoly0: Upoly 0, Satlantic ISUS
# name 15 = par: PAR/Irradiance, Biospherical/Licor
# name 16 = spar: SPAR/Surface Irradiance
# name 17 = altM: Altimeter [m]
# name 18 = sbeox0ML/L: Oxygen, SBE 43 [ml/l], WS = 1
# name 19 = sal00: Salinity, Practical [PSU]
# name 20 = sal11: Salinity, Practical, 2 [PSU]
# name 21 = potemp090C: Potential Temperature [ITS-90, deg C]
# name 22 = sigma-é00: Density [sigma-theta, kg/m^3]
# name 23 = svCM: Sound Velocity [Chen-Millero, m/s]
# name 24 = nbin: number of scans per bin
# name 25 = flag: flag
# span 0 =       4750,      45829       
# span 1 =      1.000,   1012.000       
# span 2 =      0.990,    999.353       
# span 3 =    -1.6541,     4.0340       
# span 4 =    -1.6498,     3.5730       
# span 5 =  26.368599,  32.055120       
# span 6 =   0.331998,  32.059303       
# span 7 =     1.5300,     3.1286       
# span 8 =    70.1554,    89.1633       
# span 9 =     3.6791,     4.6596       
# span 10 = 3.4593e-02, 4.9057e+00      
# span 11 =     0.0346,     4.9057      
# span 12 =   119.7830,   119.8052      
# span 13 =     4.9591,     4.9600      
# span 14 =  0.0000000,  0.0000000      
# span 15 = 1.0000e-12, 1.0000e-12      
# span 16 = 8.6312e+00, 8.7136e+00      
# span 17 =      98.51,      98.53      
# span 18 =    3.94372,    9.34701      
# span 19 =    31.5036,    34.6713      
# span 20 =     0.2706,    34.6738      
# span 21 =    -1.6554,     4.0337      
# span 22 =    25.0026,    27.6630      
# span 23 =    1439.82,    1470.86      
# span 24 =         19,        347      
# span 25 = 0.0000e+00, 0.0000e+00      
# interval = decibars: 1                
# start_time = Jul 24 2013 13:18:00 [NMEA time, header]
# bad_flag = -9.990e-29
*END*
       4750      1.000      0.990     3.4711     3.4773  29.215332  19.453640     2.7677    71.1607     3.7309     0.1261     0.1261   119.7938     4.9595     0.0000 1.000e-012 8.714e+000      98.52    7.43437    31.5589    20.2025     3.4710    25.0985    1459.97         71        222
       5746      2.000      1.980     3.8435     3.4669  29.629605   0.539372     2.5003    85.4608     4.4686     0.1264     0.1264   119.7891     4.9594     0.0000 1.000e-012 8.714e+000      98.52    6.51240    31.6883     0.4474     3.8434    25.1674    1461.74         64        222
       5753      3.000      2.970     3.5795     3.4617  29.619430   0.967889     2.4986    84.8505     4.4371     0.1128     0.1128   119.7919     4.9595     0.0000 1.000e-012 8.714e+000      98.52    6.54311    31.9335     0.8241     3.5793    25.3870    1460.95         39        222
       5800      4.000      3.959     4.0340     3.4559  29.631612   0.597971     2.5907    84.8818     4.4387     0.1129     0.1129   119.7954     4.9596     0.0000 1.000e-012 8.714e+000      98.52    6.77350    31.5056     0.4984     4.0337    25.0041    1462.33         56        222
       5858      5.000      4.949     3.7344     3.4414  29.630941   0.332985     2.8026    84.8724     4.4382     0.1418     0.1418   119.8002     4.9598     0.0000 1.000e-012 8.714e+000      98.52    7.48562    31.7945     0.2711     3.7341    25.2621    1461.46         53        222
       5906      6.000      5.940     3.6497     3.4393  29.385656  15.602734     2.8902    84.8914     4.4392     0.1508     0.1508   119.7973     4.9597     0.0000 1.000e-012 8.714e+000      98.52    7.79340    31.5855    15.9102     3.6493    25.1036    1460.85         49        222
       5953      7.000      6.929     3.4379     3.4349  29.165914  29.138628     2.9112    84.9116     4.4403     0.1541     0.1541   119.7994     4.9598     0.0000 1.000e-012 8.714e+000      98.53    7.91058    31.5292    31.4995     3.4375    25.0778    1459.89         43        222
       6008      8.000      7.919     3.4440     3.4413  29.177825  29.106530     2.9254    84.4200     4.4149     0.1554     0.1554   119.7998     4.9598     0.0000 1.000e-012 8.714e+000      98.53    7.95714    31.5369    31.4545     3.4435    25.0835    1459.94         72        222
       6074      9.000      8.909     3.2213     3.1921  29.058436  28.796770     3.0008    84.1541     4.4012     0.1851     0.1851   119.7997     4.9598     0.0000 1.000e-012 8.714e+000      98.53    8.24625    31.6107    31.3250     3.2208    25.1617    1459.10         48        222
       6115     10.000      9.899     1.9300     1.9333  28.108486  28.095256     3.0464    84.4068     4.4142     0.1747     0.1747   119.7998     4.9598     0.0000 1.000e-012 8.714e+000      98.53    8.69321    31.7288    31.7090     1.9295    25.3565    1453.66         42        222
       6543     11.000     10.889     1.1253     1.0516  27.546154  27.494080     3.0791    84.5341     4.4208     0.1785     0.1785   119.7991     4.9597     0.0000 1.000e-012 8.714e+000      98.53    9.00210    31.8353    31.8443     1.1249    25.4939    1450.22        121        222
      11828     12.000     11.879     0.5247     0.7110  27.218656  27.260445     3.0614    84.6152     4.4250     0.1892     0.1892   119.7978     4.9597     0.0000 1.000e-012 8.714e+000      98.53    9.08976    32.0327    31.8940     0.5243    25.6860    1447.78         54        222
      12015     13.000     12.869     0.3603     0.2590  27.099364  26.981382     3.0851    84.5434     4.4213     0.1965     0.1965   119.7988     4.9597     0.0000 1.000e-012 8.714e+000      98.53    9.21825    32.0482    32.0000     0.3599    25.7068    1447.06         59        222
      12071     14.000     13.858     0.1839     0.0779  27.002578  26.891363     3.1034    84.4737     4.4177     0.2188     0.2188   119.7963     4.9596     0.0000 1.000e-012 8.714e+000      98.53    9.32955    32.1056    32.0709     0.1835    25.7616    1446.34         58        222
      12136     15.000     14.848     0.0213    -0.0482  26.925795  26.866275     3.1119    84.5087     4.4195     0.2354     0.2354   119.8005     4.9598     0.0000 1.000e-012 8.714e+000      98.53    9.40277    32.1750    32.1698     0.0208    25.8251    1445.70         69        222
      12202     16.000     15.838    -0.1273    -0.1973  26.883075  26.823483     3.1216    84.5288     4.4205     0.2498     0.2498   119.8003     4.9598     0.0000 1.000e-012 8.714e+000      98.53    9.47461    32.2749    32.2702    -0.1278    25.9123    1445.16         57        222
      12249     17.000     16.828    -0.3763    -0.3530  26.812350  26.792366     3.1275    84.5369     4.4209     0.2725     0.2725   119.7971     4.9597     0.0000 1.000e-012 8.714e+000      98.53    9.55710    32.4454    32.3939    -0.3768    26.0605    1444.25         42        222
      12293     18.000     17.818    -0.4329    -0.4193  26.833699  26.809966     3.1286    84.5993     4.4242     0.2801     0.2801   119.7984     4.9597     0.0000 1.000e-012 8.714e+000      98.53    9.57340    32.5339    32.4876    -0.4334    26.1343    1444.12         51        222
      12355     19.000     18.807    -0.4739    -0.5019  26.831362  26.805159     3.1225    84.8815     4.4387     0.2924     0.2923   119.8011     4.9598     0.0000 1.000e-012 8.714e+000      98.53    9.56252    32.5742    32.5693    -0.4744    26.1685    1444.00         67        222
      12411     20.000     19.797    -0.6130    -0.6247  26.796355  26.767963     3.1184    85.0619     4.4480     0.3008     0.3008   119.7988     4.9597     0.0000 1.000e-012 8.714e+000      98.53    9.58213    32.6766    32.6512    -0.6135    26.2568    1443.50         46        222
      12457     21.000     20.787    -0.8186    -0.8213  26.727200  26.693974     3.1145    84.8235     4.4357     0.3144     0.3144   119.8009     4.9598     0.0000 1.000e-012 8.714e+000      98.53    9.61947    32.8060    32.7641    -0.8191    26.3691    1442.73         48        222
      12509     22.000     21.777    -0.9017    -0.9323  26.688205  26.651136     3.1150    82.8860     4.3358     0.4350     0.4350   119.7987     4.9597     0.0000 1.000e-012 8.714e+000      98.53    9.64281    32.8433    32.8265    -0.9022    26.4022    1442.40         55        222
      12561     23.000     22.767    -1.0250    -1.0548  26.643333  26.604088     3.1063    80.4129     4.2082     0.8818     0.8818   119.7991     4.9598     0.0000 1.000e-012 8.714e+000      98.53    9.64175    32.9167    32.8960    -1.0255    26.4658    1441.93         48        222
      12610     24.000     23.757    -1.1097    -1.1657  26.594923  26.555268     3.0897    75.1105     3.9347     1.6762     1.6762   119.7989     4.9597     0.0000 1.000e-012 8.714e+000      98.53    9.60328    32.9432    32.9507    -1.1102    26.4901    1441.58         52        222
      12665     25.000     24.746    -1.1871    -1.2188  26.570871  26.532598     3.0676    72.0876     3.7787     3.7557     3.7557   119.8035     4.9599     0.0000 1.000e-012 8.714e+000      98.53    9.54001    32.9950    32.9776    -1.1876    26.5345    1441.30         55        222
      12714     26.000     25.736    -1.2615    -1.2729  26.531310  26.507603     3.0490    72.5255     3.8013     4.9031     4.9031   119.7992     4.9598     0.0000 1.000e-012 8.714e+000      98.53    9.48901    33.0224    33.0025    -1.2621    26.5590    1441.00         44        222
      12757     27.000     26.726    -1.2866    -1.2909  26.515052  26.499670     3.0234    72.6236     3.8064     4.9056     4.9056   119.8011     4.9598     0.0000 1.000e-012 8.714e+000      98.53    9.39884    33.0272    33.0109    -1.2872    26.5636    1440.91         45        222
      12805     28.000     27.716    -1.3038    -1.3497  26.505684  26.468415     2.9780    71.2656     3.7363     4.9057     4.9057   119.7979     4.9597     0.0000 1.000e-012 8.714e+000      98.53    9.23365    33.0328    33.0325    -1.3044    26.5687    1440.85         52        222
      12861     29.000     28.705    -1.3890    -1.4408  26.466561  26.416673     2.9169    70.3715     3.6902     4.9054     4.9054   119.7988     4.9597     0.0000 1.000e-012 8.714e+000      98.53    9.02730    33.0728    33.0617    -1.3896    26.6036    1440.51         56        222
      12913     30.000     29.695    -1.4476    -1.4557  26.427133  26.407923     2.8667    70.1554     3.6791     4.9054     4.9054   119.7985     4.9597     0.0000 1.000e-012 8.714e+000      98.53    8.85378    33.0830    33.0655    -1.4482    26.6135    1440.26         48        222
      12957     31.000     30.685    -1.4622    -1.4609  26.411531  26.404478     2.8397    70.6478     3.7044     4.9054     4.9054   119.7993     4.9598     0.0000 1.000e-012 8.714e+000      98.53    8.75296    33.0771    33.0660    -1.4628    26.6091    1440.20         40        222
      12997     32.000     31.675    -1.4664    -1.4643  26.408644  26.403617     2.8202    71.1737     3.7316     4.9054     4.9054   119.7965     4.9596     0.0000 1.000e-012 8.714e+000      98.53    8.67590    33.0772    33.0679    -1.4670    26.6093    1440.20         44        222
      13051     33.000     32.664    -1.4656    -1.4797  26.409795  26.396848     2.7850    71.3197     3.7391     4.9052     4.9052   119.7982     4.9597     0.0000 1.000e-012 8.714e+000      98.53    8.54000    33.0773    33.0751    -1.4663    26.6093    1440.22         63        222
      13110     34.000     33.654    -1.5105    -1.5266  26.391902  26.375431     2.7325    80.2839     4.2015     4.9055     4.9055   119.8021     4.9599     0.0000 1.000e-012 8.714e+000      98.53    8.35126    33.1019    33.0971    -1.5112    26.6305    1440.05         50        222
      13153     35.000     34.644    -1.5525    -1.5483  26.383030  26.378493     2.6981    82.9416     4.3386     4.9057     4.9057   119.7920     4.9595     0.0000 1.000e-012 8.714e+000      98.53    8.22691    33.1358    33.1248    -1.5532    26.6592    1439.91         40        222
      13196     36.000     35.634    -1.5576    -1.5582  26.385728  26.381055     2.6733    83.9628     4.3913     4.2967     4.2967   119.7977     4.9597     0.0000 1.000e-012 8.714e+000      98.53    8.12963    33.1446    33.1388    -1.5583    26.6664    1439.92         45        222
      13244     37.000     36.623    -1.5620    -1.5669  26.385242  26.378687     2.6516    84.2739     4.4074     3.3369     3.3369   119.7955     4.9596     0.0000 1.000e-012 8.714e+000      98.53    8.04399    33.1482    33.1446    -1.5627    26.6695    1439.92         51        222
      13296     38.000     37.613    -1.5748    -1.5802  26.377377  26.372061     2.6333    84.4613     4.4170     3.0850     3.0850   119.7989     4.9597     0.0000 1.000e-012 8.714e+000      98.53    7.97320    33.1509    33.1496    -1.5755    26.6721    1439.88         54        222
      13352     39.000     38.603    -1.5875    -1.5909  26.373473  26.370192     2.6174    84.9785     4.4437     3.1654     3.1654   119.7983     4.9597     0.0000 1.000e-012 8.714e+000      98.53    7.91123    33.1591    33.1583    -1.5882    26.6790    1439.84         54        222
      13399     40.000     39.593    -1.5945    -1.5946  26.372644  26.370748     2.6064    86.1071     4.5019     2.4074     2.4074   119.7985     4.9597     0.0000 1.000e-012 8.714e+000      98.53    7.86639    33.1651    33.1626    -1.5953    26.6841    1439.83         41        222
      13440     41.000     40.582    -1.6007    -1.5996  26.370425  26.370503     2.6001    86.3008     4.5119     1.9263     1.9263   119.8006     4.9598     0.0000 1.000e-012 8.714e+000      98.53    7.83934    33.1684    33.1672    -1.6015    26.6869    1439.82         43        222
      13487     42.000     41.572    -1.6044    -1.6069  26.370415  26.369527     2.5962    86.7146     4.5333     1.5570     1.5570   119.7961     4.9596     0.0000 1.000e-012 8.714e+000      98.53    7.82117    33.1719    33.1734    -1.6052    26.6898    1439.83         52        222
      13544     43.000     42.562    -1.6019    -1.5865  26.373813  26.390935     2.5985    87.2539     4.5611     1.2474     1.2474   119.7974     4.9597     0.0000 1.000e-012 8.714e+000      98.53    7.82517    33.1731    33.1796    -1.6027    26.6908    1439.86         61        222
      13600     44.000     43.551    -1.5569    -1.5443  26.409137  26.429832     2.5946    87.5031     4.5739     0.9757     0.9757   119.8009     4.9598     0.0000 1.000e-012 8.714e+000      98.53    7.79717    33.1712    33.1857    -1.5577    26.6880    1440.09         49        222
      13644     45.000     44.541    -1.5253    -1.5274  26.443460  26.447004     2.5887    87.6664     4.5824     0.8695     0.8695   119.8014     4.9598     0.0000 1.000e-012 8.714e+000      98.53    7.76548    33.1827    33.1899    -1.5262    26.6966    1440.27         41        222
      13687     46.000     45.531    -1.5458    -1.5412  26.434095  26.439615     2.5838    87.9010     4.5945     0.7341     0.7341   119.7998     4.9598     0.0000 1.000e-012 8.714e+000      98.53    7.75122    33.1920    33.1945    -1.5467    26.7047    1440.20         46        222
      13737     47.000     46.520    -1.5420    -1.5377  26.438289  26.448268     2.5781    88.0742     4.6034     0.5966     0.5966   119.7973     4.9597     0.0000 1.000e-012 8.714e+000      98.53    7.72873    33.1929    33.2019    -1.5429    26.7053    1440.24         54        222
      13790     48.000     47.510    -1.5140    -1.5100  26.464049  26.477434     2.5690    88.1573     4.6077     0.5086     0.5085   119.7990     4.9597     0.0000 1.000e-012 8.714e+000      98.53    7.68795    33.1966    33.2107    -1.5149    26.7076    1440.39         52        222
      13840     49.000     48.500    -1.4780    -1.4874  26.503558  26.505684     2.5668    88.1718     4.6085     0.4734     0.4735   119.7959     4.9596     0.0000 1.000e-012 8.714e+000      98.53    7.67010    33.2104    33.2238    -1.4790    26.7178    1440.60         48        222
      13887     50.000     49.489    -1.4923    -1.4937  26.504476  26.509056     2.5691    88.2561     4.6128     0.4323     0.4323   119.7985     4.9597     0.0000 1.000e-012 8.714e+000      98.53    7.68079    33.2270    33.2349    -1.4933    26.7316    1440.57         45        222
      13932     51.000     50.479    -1.4948    -1.4950  26.507592  26.512216     2.5666    88.3391     4.6171     0.4568     0.4568   119.7971     4.9597     0.0000 1.000e-012 8.714e+000      98.53    7.67181    33.2334    33.2400    -1.4958    26.7369    1440.58         45        222
      13979     52.000     51.469    -1.4969    -1.4973  26.508198  26.513406     2.5605    88.3276     4.6165     0.3823     0.3823   119.7979     4.9597     0.0000 1.000e-012 8.714e+000      98.53    7.64991    33.2360    33.2436    -1.4979    26.7391    1440.59         52        222
      14037     53.000     52.458    -1.4985    -1.5033  26.510204  26.510762     2.5530    88.3810     4.6192     0.3872     0.3872   119.7992     4.9598     0.0000 1.000e-012 8.714e+000      98.53    7.62282    33.2399    33.2461    -1.4996    26.7423    1440.60         58        222
      14088     54.000     53.448    -1.5138    -1.5158  26.500967  26.502643     2.5499    88.3964     4.6201     0.4081     0.4081   119.7998     4.9598     0.0000 1.000e-012 8.714e+000      98.53    7.61525    33.2437    33.2482    -1.5149    26.7458    1440.55         45        222
      14130     55.000     54.438    -1.5062    -1.5094  26.508586  26.511114     2.5500    88.4279     4.6217     0.3677     0.3677   119.7986     4.9597     0.0000 1.000e-012 8.714e+000      98.53    7.61416    33.2451    33.2521    -1.5073    26.7467    1440.61         42        222
