644/02dk.cnv
* Sea-Bird SBE 9 Data File:
* FileName = C:\2013-04\CTD Raw\2013-04-0001.hdr
* Software Version Seasave V 7.22.5
* Temperature SN = 4397
* Conductivity SN = 2992
* Number of Bytes Per Scan = 40
* Number of Voltage Words = 5
* Number of Scans Averaged by the Deck Unit = 1
* NMEA Latitude = 69 24.75 N
* NMEA Longitude = 059 49.74 W
* NMEA UTC (Time) = Jul 24 2013  13:18:00
* NMEA baud rate = 4800
** Ship:  CCGS Louis St-Laurent
** Cruise:  2013-04
** Station:   BAFB-1
** Depth (m):  1496
** This is Ros-1, #2013-03 C3O
** Orig filename 2013-04-0002 renamed to 2013-04-0001
# nquan = 26
# nvalues = 1012                        
# units = specified
# name 0 = scan: Scan Count
# name 1 = prDM: Pressure, Digiquartz [db]
# name 2 = depSM: Depth [salt water, m]
# name 3 = t090C: Temperature [ITS-90, deg C]
# name 4 = t190C: Temperature, 2 [ITS-90, deg C]
# name 5 = c0mS/cm: Conductivity [mS/cm]
# name 6 = c1mS/cm: Conductivity, 2 [mS/cm]
# name 7 = sbeox0V: Oxygen raw, SBE 43 [V]
# name 8 = CStarTr0: Beam Transmission, WET Labs C-Star [%]
# name 9 = v1: Voltage 1
# name 10 = flSP: Fluorescence, Seapoint
# name 11 = v0: Voltage 0
# name 12 = wetCDOM: Fluorescence, WET Labs CDOM [mg/m^3]
# name 13 = v4: Voltage 4
# name 14 = upoly0: Upoly 0, Satlantic ISUS
# name 15 = par: PAR/Irradiance, Biospherical/Licor
# name 16 = spar: SPAR/Surface Irradiance
# name 17 = altM: Altimeter [m]
# name 18 = sbeox0ML/L: Oxygen, SBE 43 [ml/l], WS = 1
# name 19 = sal00: Salinity, Practical [PSU]
# name 20 = sal11: Salinity, Practical, 2 [PSU]
# name 21 = potemp090C: Potential Temperature [ITS-90, deg C]
# name 22 = sigma-é00: Density [sigma-theta, kg/m^3]
# name 23 = svCM: Sound Velocity [Chen-Millero, m/s]
# name 24 = nbin: number of scans per bin
# name 25 = flag: flag
# span 0 =       4750,      45829       
# span 1 =      1.000,   1012.000       
# span 2 =      0.990,    999.353       
# span 3 =    -1.6541,     4.0340       
# span 4 =    -1.6498,     3.5730       
# span 5 =  26.368599,  32.055120       
# span 6 =   0.331998,  32.059303       
# span 7 =     1.5300,     3.1286       
# span 8 =    70.1554,    89.1633       
# span 9 =     3.6791,     4.6596       
# span 10 = 3.4593e-02, 4.9057e+00      
# span 11 =     0.0346,     4.9057      
# span 12 =   119.7830,   119.8052      
# span 13 =     4.9591,     4.9600      
# span 14 =  0.0000000,  0.0000000      
# span 15 = 1.0000e-12, 1.0000e-12      
# span 16 = 8.6312e+00, 8.7136e+00      
# span 17 =      98.51,      98.53      
# span 18 =    3.94372,    9.34701      
# span 19 =    31.5036,    34.6713      
# span 20 =     0.2706,    34.6738      
# span 21 =    -1.6554,     4.0337      
# span 22 =    25.0026,    27.6630      
# span 23 =    1439.82,    1470.86      
# span 24 =         19,        347      
# span 25 = 0.0000e+00, 0.0000e+00      
# interval = decibars: 1                
# start_time = Jul 24 2013 13:18:00 [NMEA time, header]
# bad_flag = -9.990e-29
*END*
[from data line 446]
      29541    447.000    442.012     3.3380     3.3376  31.891688  31.891643     2.1554    89.1486     4.6588     0.0360     0.0361   119.7978     4.9597     0.0000 1.000e-012 8.714e+000      98.53    5.71647    34.6692    34.6696     3.3083    27.5921    1470.74         23        222
      29563    448.000    442.999     3.3362     3.3359  31.890267  31.890522     2.1550    89.1339     4.6581     0.0356     0.0356   119.7978     4.9597     0.0000 1.000e-012 8.714e+000      98.53    5.71632    34.6689    34.6695     3.3064    27.5920    1470.75         22        222
      29586    449.000    443.987     3.3354     3.3351  31.889937  31.890156     2.1543    89.1214     4.6574     0.0356     0.0356   119.7952     4.9596     0.0000 1.000e-012 8.714e+000      98.53    5.71500    34.6688    34.6694     3.3055    27.5921    1470.76         23        222
      29609    450.000    444.975     3.3335     3.3329  31.889292  31.888727     2.1541    89.1336     4.6581     0.0356     0.0356   119.7965     4.9596     0.0000 1.000e-012 8.714e+000      98.53    5.71547    34.6695    34.6695     3.3036    27.5928    1470.77         24        222
      29635    451.000    445.963     3.3278     3.3272  31.885055  31.883810     2.1532    89.1503     4.6589     0.0393     0.0393   119.7968     4.9597     0.0000 1.000e-012 8.714e+000      98.53    5.71423    34.6699    34.6691     3.2978    27.5937    1470.76         27        222
      29662    452.000    446.951     3.3219     3.3208  31.879998  31.878372     2.1513    89.1392     4.6583     0.0358     0.0358   119.8004     4.9598     0.0000 1.000e-012 8.714e+000      98.53    5.70972    34.6696    34.6688     3.2919    27.5940    1470.75         26        222
      29687    453.000    447.938     3.3091     3.3072  31.870432  31.866119     2.1509    89.1435     4.6586     0.0367     0.0367   119.7974     4.9597     0.0000 1.000e-012 8.714e+000      98.53    5.71118    34.6711    34.6680     3.2791    27.5965    1470.72         24        222
      29710    454.000    448.926     3.2909     3.2893  31.854879  31.849658     2.1498    89.1390     4.6583     0.0372     0.0372   119.7938     4.9595     0.0000 1.000e-012 8.714e+000      98.53    5.71120    34.6712    34.6666     3.2609    27.5983    1470.65         23        222
      29733    455.000    449.914     3.2817     3.2809  31.845339  31.842202     2.1478    89.1549     4.6591     0.0357     0.0357   119.7937     4.9595     0.0000 1.000e-012 8.714e+000      98.53    5.70693    34.6690    34.6660     3.2516    27.5974    1470.63         22        222
      29755    456.000    450.901     3.2760     3.2754  31.839935  31.837438     2.1460    89.1124     4.6570     0.0375     0.0376   119.7991     4.9598     0.0000 1.000e-012 8.714e+000      98.53    5.70273    34.6680    34.6656     3.2459    27.5971    1470.62         23        222
      29778    457.000    451.889     3.2713     3.2709  31.835734  31.833620     2.1445    89.1478     4.6588     0.0370     0.0370   119.7966     4.9597     0.0000 1.000e-012 8.714e+000      98.53    5.69935    34.6674    34.6653     3.2411    27.5971    1470.62         24        222
      29804    458.000    452.877     3.2663     3.2653  31.830585  31.828803     2.1428    89.1487     4.6588     0.0366     0.0366   119.7989     4.9597     0.0000 1.000e-012 8.714e+000      98.53    5.69539    34.6660    34.6649     3.2361    27.5964    1470.61         27        222
      29831    459.000    453.865     3.2604     3.2594  31.826205  31.823968     2.1421    89.1437     4.6586     0.0416     0.0416   119.7955     4.9596     0.0000 1.000e-012 8.714e+000      98.53    5.69481    34.6664    34.6648     3.2301    27.5974    1470.60         26        222
      29856    460.000    454.852     3.2496     3.2487  31.818386  31.814519     2.1435    89.1482     4.6588     0.0365     0.0365   119.7952     4.9596     0.0000 1.000e-012 8.714e+000      98.53    5.70194    34.6680    34.6643     3.2193    27.5996    1470.57         24        222
      29879    461.000    455.840     3.2434     3.2432  31.811680  31.810068     2.1434    89.1463     4.6587     0.0370     0.0370   119.7886     4.9593     0.0000 1.000e-012 8.714e+000      98.53    5.70350    34.6659    34.6642     3.2130    27.5986    1470.56         23        222
      29902    462.000    456.828     3.2388     3.2375  31.808785  31.805383     2.1412    89.1435     4.6585     0.0375     0.0375   119.7962     4.9596     0.0000 1.000e-012 8.714e+000      98.53    5.69770    34.6668    34.6641     3.2084    27.5997    1470.56         23        222
      29925    463.000    457.816     3.2307     3.2301  31.801833  31.798981     2.1391    89.1535     4.6591     0.0388     0.0388   119.7966     4.9596     0.0000 1.000e-012 8.714e+000      98.53    5.69282    34.6665    34.6637     3.2002    27.6002    1470.54         24        222
      29950    464.000    458.803     3.2254     3.2247  31.796087  31.794640     2.1378    89.1526     4.6590     0.0364     0.0364   119.7957     4.9596     0.0000 1.000e-012 8.714e+000      98.53    5.69022    34.6647    34.6637     3.1949    27.5993    1470.53         25        222
      29975    465.000    459.791     3.2154     3.2143  31.787541  31.785489     2.1371    89.1350     4.6581     0.0426     0.0426   119.7930     4.9595     0.0000 1.000e-012 8.714e+000      98.53    5.69029    34.6645    34.6632     3.1849    27.6001    1470.51         25        222
      29999    466.000    460.778     3.2104     3.2098  31.782847  31.781702     2.1360    89.1372     4.6582     0.0425     0.0425   119.7941     4.9595     0.0000 1.000e-012 8.714e+000      98.53    5.68827    34.6636    34.6628     3.1798    27.5998    1470.50         24        222
      30023    467.000    461.766     3.2026     3.2017  31.778362  31.774543     2.1335    89.1407     4.6584     0.0372     0.0372   119.7952     4.9596     0.0000 1.000e-012 8.714e+000      98.53    5.68189    34.6660    34.6623     3.1720    27.6025    1470.49         23        222
      30046    468.000    462.754     3.1949     3.1941  31.770492  31.767968     2.1314    89.1323     4.6580     0.0359     0.0359   119.7935     4.9595     0.0000 1.000e-012 8.714e+000      98.53    5.67698    34.6641    34.6619     3.1642    27.6017    1470.47         23        222
      30070    469.000    463.742     3.1896     3.1889  31.765203  31.763555     2.1297    89.1263     4.6577     0.0361     0.0361   119.7901     4.9594     0.0000 1.000e-012 8.714e+000      98.53    5.67301    34.6628    34.6616     3.1589    27.6012    1470.46         26        222
      30097    470.000    464.729     3.1863     3.1860  31.761780  31.761677     2.1286    89.1274     4.6577     0.0361     0.0360   119.7893     4.9594     0.0000 1.000e-012 8.714e+000      98.53    5.67072    34.6617    34.6619     3.1555    27.6006    1470.46         26        222
      30123    471.000    465.717     3.1857     3.1852  31.762186  31.761976     2.1266    89.1462     4.6587     0.0365     0.0365   119.7916     4.9595     0.0000 1.000e-012 8.714e+000      98.53    5.66495    34.6623    34.6625     3.1549    27.6011    1470.48         26        222
      30148    472.000    466.705     3.1834     3.1830  31.760985  31.760476     2.1242    89.1537     4.6591     0.0384     0.0385   119.7912     4.9594     0.0000 1.000e-012 8.714e+000      98.53    5.65809    34.6627    34.6625     3.1525    27.6017    1470.48         24        222
      30171    473.000    467.692     3.1814     3.1808  31.759502  31.758974     2.1210    89.1487     4.6588     0.0402     0.0402   119.7966     4.9596     0.0000 1.000e-012 8.714e+000      98.53    5.64855    34.6625    34.6625     3.1504    27.6017    1470.49         23        222
      30194    474.000    468.680     3.1747     3.1732  31.755097  31.752235     2.1186    89.1518     4.6590     0.0368     0.0368   119.7937     4.9595     0.0000 1.000e-012 8.714e+000      98.53    5.64233    34.6638    34.6619     3.1437    27.6034    1470.48         22        222
      30216    475.000    469.668     3.1598     3.1570  31.743449  31.737127     2.1172    89.1457     4.6587     0.0362     0.0362   119.7926     4.9595     0.0000 1.000e-012 8.714e+000      98.53    5.64071    34.6651    34.6604     3.1288    27.6058    1470.43         23        222
      30239    476.000    470.655     3.1419     3.1392  31.727177  31.720341     2.1163    89.1529     4.6590     0.0372     0.0372   119.7926     4.9595     0.0000 1.000e-012 8.714e+000      98.53    5.64132    34.6639    34.6585     3.1109    27.6066    1470.37         23        222
      30263    477.000    471.643     3.1244     3.1222  31.712516  31.704486     2.1152    89.1391     4.6583     0.0366     0.0366   119.7954     4.9596     0.0000 1.000e-012 8.714e+000      98.53    5.64113    34.6643    34.6570     3.0934    27.6085    1470.32         25        222
      30289    478.000    472.630     3.1081     3.1079  31.695879  31.691077     2.1147    89.1342     4.6581     0.0378     0.0378   119.7933     4.9595     0.0000 1.000e-012 8.714e+000      98.53    5.64291    34.6610    34.6554     3.0771    27.6074    1470.26         27        222
      30317    479.000    473.618     3.0979     3.0958  31.685392  31.679778     2.1145    89.1518     4.6590     0.0379     0.0379   119.7903     4.9594     0.0000 1.000e-012 8.714e+000      98.53    5.64472    34.6587    34.6541     3.0668    27.6065    1470.23         28        222
      30343    480.000    474.606     3.0900     3.0895  31.676734  31.674001     2.1125    88.8874     4.6454     0.0368     0.0368   119.7978     4.9597     0.0000 1.000e-012 8.714e+000      98.53    5.64014    34.6561    34.6533     3.0589    27.6051    1470.21         25        222
      30367    481.000    475.593     3.0871     3.0859  31.674176  31.671188     2.1105    89.0515     4.6538     0.0371     0.0371   119.7942     4.9596     0.0000 1.000e-012 8.714e+000      98.53    5.63472    34.6555    34.6532     3.0560    27.6050    1470.21         23        222
      30390    482.000    476.581     3.0782     3.0783  31.666362  31.664951     2.1077    88.8975     4.6459     0.0365     0.0365   119.7960     4.9596     0.0000 1.000e-012 8.714e+000      98.53    5.62752    34.6550    34.6532     3.0470    27.6054    1470.19         22        222
      30412    483.000    477.568     3.0771     3.0765  31.665739  31.664161     2.1054    88.9014     4.6461     0.0388     0.0388   119.7905     4.9594     0.0000 1.000e-012 8.714e+000      98.53    5.62078    34.6549    34.6536     3.0459    27.6054    1470.20         23        222
      30435    484.000    478.556     3.0691     3.0687  31.657374  31.657273     2.1039    88.4611     4.6233     0.0375     0.0374   119.7892     4.9594     0.0000 1.000e-012 8.714e+000      98.53    5.61787    34.6528    34.6531     3.0378    27.6044    1470.18         23        222
      30459    485.000    479.544     3.0619     3.0609  31.653484  31.650367     2.1025    88.9187     4.6470     0.0365     0.0365   119.7924     4.9595     0.0000 1.000e-012 8.714e+000      98.53    5.61498    34.6552    34.6525     3.0306    27.6071    1470.17         25        222
      30484    486.000    480.531     3.0576     3.0570  31.649066  31.646896     2.1003    88.9128     4.6467     0.0377     0.0377   119.7939     4.9595     0.0000 1.000e-012 8.714e+000      98.53    5.60910    34.6539    34.6519     3.0262    27.6064    1470.16         24        222
      30508    487.000    481.518     3.0608     3.0614  31.650891  31.652483     2.0967    88.8799     4.6450     0.0360     0.0360   119.7954     4.9596     0.0000 1.000e-012 8.714e+000      98.53    5.59738    34.6522    34.6534     3.0293    27.6047    1470.19         26        222
      30534    488.000    482.506     3.0591     3.0583  31.652982  31.650596     2.0938    88.7670     4.6392     0.0369     0.0369   119.7933     4.9595     0.0000 1.000e-012 8.714e+000      98.53    5.58855    34.6560    34.6539     3.0276    27.6079    1470.21         26        222
      30560    489.000    483.494     3.0510     3.0502  31.645429  31.643290     2.0921    88.9472     4.6484     0.0378     0.0378   119.8033     4.9599     0.0000 1.000e-012 8.714e+000      98.53    5.58491    34.6549    34.6532     3.0194    27.6078    1470.19         26        222
      30586    490.000    484.481     3.0285     3.0249  31.631680  31.619787     2.0909    89.0049     4.6514     0.0381     0.0381   119.7958     4.9596     0.0000 1.000e-012 8.714e+000      98.53    5.58484    34.6618    34.6512     2.9970    27.6154    1470.12         25        222
      30610    491.000    485.469     2.9927     2.9923  31.597931  31.588972     2.0890    89.0949     4.6561     0.0380     0.0380   119.7949     4.9596     0.0000 1.000e-012 8.714e+000      98.53    5.58483    34.6585    34.6480     2.9612    27.6160    1469.98         23        222
      30633    492.000    486.457     2.9852     2.9845  31.586805  31.581750     2.0864    88.6310     4.6321     0.0398     0.0398   119.7937     4.9595     0.0000 1.000e-012 8.714e+000      98.53    5.57824    34.6525    34.6471     2.9537    27.6119    1469.95         22        222
      30655    493.000    487.444     2.9659     2.9626  31.574287  31.561172     2.0843    88.6166     4.6314     0.0363     0.0363   119.7947     4.9596     0.0000 1.000e-012 8.714e+000      98.53    5.57471    34.6574    34.6449     2.9344    27.6176    1469.89         22        222
      30677    494.000    488.431     2.9452     2.9443  31.551225  31.544066     2.0822    88.6109     4.6311     0.0368     0.0368   119.7957     4.9596     0.0000 1.000e-012 8.714e+000      98.53    5.57182    34.6509    34.6432     2.9137    27.6143    1469.81         24        222
      30702    495.000    489.419     2.9387     2.9380  31.542385  31.538409     2.0804    88.9484     4.6485     0.0364     0.0364   119.7978     4.9597     0.0000 1.000e-012 8.714e+000      98.53    5.56768    34.6466    34.6425     2.9072    27.6114    1469.79         25        222
      30728    496.000    490.407     2.9322     2.9312  31.537518  31.532337     2.0798    88.8697     4.6445     0.0362     0.0361   119.7958     4.9596     0.0000 1.000e-012 8.714e+000      98.53    5.56741    34.6471    34.6418     2.9006    27.6124    1469.78         26        222
      30754    497.000    491.395     2.9266     2.9262  31.531968  31.527894     2.0786    89.0098     4.6517     0.0401     0.0401   119.7952     4.9596     0.0000 1.000e-012 8.714e+000      98.53    5.56504    34.6458    34.6412     2.8950    27.6119    1469.77         26        222
      30778    498.000    492.382     2.9253     2.9250  31.530251  31.527239     2.0758    88.9344     4.6478     0.0377     0.0377   119.7992     4.9598     0.0000 1.000e-012 8.714e+000      98.53    5.55661    34.6445    34.6412     2.8936    27.6110    1469.78         24        222
      30803    499.000    493.370     2.9244     2.9233  31.529795  31.526285     2.0728    89.0580     4.6542     0.0425     0.0425   119.7980     4.9597     0.0000 1.000e-012 8.714e+000      98.53    5.54740    34.6444    34.6413     2.8927    27.6110    1469.80         25        222
      30828    500.000    494.357     2.9116     2.9102  31.520871  31.514196     2.0710    89.1196     4.6573     0.0378     0.0378   119.7948     4.9596     0.0000 1.000e-012 8.714e+000      98.53    5.54394    34.6467    34.6400     2.8799    27.6140    1469.76         25        222
      30853    501.000    495.345     2.8963     2.8951  31.506712  31.500628     2.0713    89.1520     4.6590     0.0415     0.0415   119.7927     4.9595     0.0000 1.000e-012 8.714e+000      98.53    5.54811    34.6453    34.6391     2.8646    27.6142    1469.71         24        222
