644/02dk.cnv
* Sea-Bird SBE 9 Data File:
* FileName = C:\2013-04\CTD Raw\2013-04-0001.hdr
* Software Version Seasave V 7.22.5
* Temperature SN = 4397
* Conductivity SN = 2992
* Number of Bytes Per Scan = 40
* Number of Voltage Words = 5
* Number of Scans Averaged by the Deck Unit = 1
* NMEA Latitude = 69 24.75 N
* NMEA Longitude = 059 49.74 W
* NMEA UTC (Time) = Jul 24 2013  13:18:00
* NMEA baud rate = 4800
** Ship:  CCGS Louis St-Laurent
** Cruise:  2013-04
** Station:   BAFB-1
** Depth (m):  1496
** This is Ros-1, #2013-03 C3O
** Orig filename 2013-04-0002 renamed to 2013-04-0001
# nquan = 26
# nvalues = 1012                        
# units = specified
# name 0 = scan: Scan Count
# name 1 = prDM: Pressure, Digiquartz [db]
# name 2 = depSM: Depth [salt water, m]
# name 3 = t090C: Temperature [ITS-90, deg C]
# name 4 = t190C: Temperature, 2 [ITS-90, deg C]
# name 5 = c0mS/cm: Conductivity [mS/cm]
# name 6 = c1mS/cm: Conductivity, 2 [mS/cm]
# name 7 = sbeox0V: Oxygen raw, SBE 43 [V]
# name 8 = CStarTr0: Beam Transmission, WET Labs C-Star [%]
# name 9 = v1: Voltage 1
# name 10 = flSP: Fluorescence, Seapoint
# name 11 = v0: Voltage 0
# name 12 = wetCDOM: Fluorescence, WET Labs CDOM [mg/m^3]
# name 13 = v4: Voltage 4
# name 14 = upoly0: Upoly 0, Satlantic ISUS
# name 15 = par: PAR/Irradiance, Biospherical/Licor
# name 16 = spar: SPAR/Surface Irradiance
# name 17 = altM: Altimeter [m]
# name 18 = sbeox0ML/L: Oxygen, SBE 43 [ml/l], WS = 1
# name 19 = sal00: Salinity, Practical [PSU]
# name 20 = sal11: Salinity, Practical, 2 [PSU]
# name 21 = potemp090C: Potential Temperature [ITS-90, deg C]
# name 22 = sigma-é00: Density [sigma-theta, kg/m^3]
# name 23 = svCM: Sound Velocity [Chen-Millero, m/s]
# name 24 = nbin: number of scans per bin
# name 25 = flag: flag
# span 0 =       4750,      45829       
# span 1 =      1.000,   1012.000       
# span 2 =      0.990,    999.353       
# span 3 =    -1.6541,     4.0340       
# span 4 =    -1.6498,     3.5730       
# span 5 =  26.368599,  32.055120       
# span 6 =   0.331998,  32.059303       
# span 7 =     1.5300,     3.1286       
# span 8 =    70.1554,    89.1633       
# span 9 =     3.6791,     4.6596       
# span 10 = 3.4593e-02, 4.9057e+00      
# span 11 =     0.0346,     4.9057      
# span 12 =   119.7830,   119.8052      
# span 13 =     4.9591,     4.9600      
# span 14 =  0.0000000,  0.0000000      
# span 15 = 1.0000e-12, 1.0000e-12      
# span 16 = 8.6312e+00, 8.7136e+00      
# span 17 =      98.51,      98.53      
# span 18 =    3.94372,    9.34701      
# span 19 =    31.5036,    34.6713      
# span 20 =     0.2706,    34.6738      
# span 21 =    -1.6554,     4.0337      
# span 22 =    25.0026,    27.6630      
# span 23 =    1439.82,    1470.86      
# span 24 =         19,        347      
# span 25 = 0.0000e+00, 0.0000e+00      
# interval = decibars: 1                
# start_time = Jul 24 2013 13:18:00 [NMEA time, header]
# bad_flag = -9.990e-29
*END*
[from data line 279]
      24880    280.000    276.987     3.2555     3.2574  31.623429  31.614715     2.2529    89.0662     4.6546     0.0478     0.0478   119.7948     4.9596     0.0000 1.000e-012 8.714e+000      98.53    5.88452    34.5236    34.5110     3.2375    27.4827    1467.46         59        222
      24927    281.000    277.976     3.0628     3.0685  31.456593  31.432273     2.2391    89.0833     4.6555     0.0390     0.0390   119.7963     4.9596     0.0000 1.000e-012 8.714e+000      98.53    5.87150    34.5262    34.4905     3.0452    27.5027    1466.66         40        222
      24965    282.000    278.964     3.0126     3.0119  31.391429  31.378182     2.2328    89.0815     4.6554     0.0414     0.0414   119.7978     4.9597     0.0000 1.000e-012 8.714e+000      98.53    5.86115    34.5000    34.4846     2.9950    27.4864    1466.42         37        222
      25004    283.000    279.953     2.9934     2.9939  31.369003  31.361824     2.2251    89.0871     4.6557     0.0385     0.0385   119.7971     4.9597     0.0000 1.000e-012 8.714e+000      98.53    5.84042    34.4926    34.4833     2.9758    27.4822    1466.35         41        222
      25052    284.000    280.941     2.9905     2.9921  31.362386  31.360970     2.2154    89.0874     4.6557     0.0412     0.0412   119.7968     4.9597     0.0000 1.000e-012 8.714e+000      98.53    5.81041    34.4871    34.4837     2.9729    27.4781    1466.34         59        222
      25119    285.000    281.930     2.9954     2.9964  31.368134  31.366817     2.2094    89.0842     4.6555     0.0372     0.0372   119.7964     4.9596     0.0000 1.000e-012 8.714e+000      98.53    5.79103    34.4883    34.4856     2.9777    27.4786    1466.38         64        222
      25166    286.000    282.918     2.9982     2.9982  31.372246  31.370600     2.2068    89.0937     4.6560     0.0405     0.0405   119.7981     4.9597     0.0000 1.000e-012 8.714e+000      98.53    5.78312    34.4898    34.4878     2.9804    27.4796    1466.41         35        222
      25199    287.000    283.907     2.9987     2.9982  31.373638  31.371635     2.2046    89.1007     4.6564     0.0413     0.0412   119.7975     4.9597     0.0000 1.000e-012 8.714e+000      98.53    5.77692    34.4904    34.4885     2.9808    27.4800    1466.43         32        222
      25235    288.000    284.895     2.9919     2.9914  31.368641  31.366556     2.2018    89.0803     4.6553     0.0430     0.0430   119.7958     4.9596     0.0000 1.000e-012 8.714e+000      98.53    5.76991    34.4910    34.4890     2.9740    27.4811    1466.42         45        222
      25299    289.000    285.884     2.9883     2.9865  31.366126  31.362948     2.1935    89.0778     4.6552     0.0399     0.0399   119.7957     4.9596     0.0000 1.000e-012 8.714e+000      98.53    5.74435    34.4912    34.4893     2.9703    27.4817    1466.42         74        222
      25356    290.000    286.872     2.9287     2.9286  31.319005  31.311252     2.1851    89.0964     4.6562     0.0398     0.0398   119.7981     4.9597     0.0000 1.000e-012 8.714e+000      98.53    5.72704    34.4970    34.4876     2.9108    27.4916    1466.19         42        222
      25395    291.000    287.861     2.8856     2.8873  31.281186  31.271800     2.1831    89.1001     4.6564     0.0386     0.0386   119.7971     4.9597     0.0000 1.000e-012 8.714e+000      98.53    5.72840    34.4963    34.4831     2.8678    27.4950    1466.02         40        222
      25438    292.000    288.849     2.8590     2.8600  31.250459  31.247029     2.1815    89.0984     4.6563     0.0393     0.0393   119.7967     4.9597     0.0000 1.000e-012 8.714e+000      98.53    5.72883    34.4867    34.4814     2.8412    27.4897    1465.91         45        222
      25483    293.000    289.838     2.8720     2.8712  31.259868  31.258858     2.1831    89.0836     4.6555     0.0401     0.0401   119.7956     4.9596     0.0000 1.000e-012 8.714e+000      98.53    5.73329    34.4837    34.4834     2.8541    27.4862    1465.98         46        222
      25532    294.000    290.827     2.9008     2.8924  31.285290  31.281262     2.1845    89.0876     4.6557     0.0396     0.0396   119.7976     4.9597     0.0000 1.000e-012 8.714e+000      98.53    5.73448    34.4834    34.4875     2.8827    27.4833    1466.12         54        222
      25588    295.000    291.815     2.9186     2.9138  31.307553  31.303582     2.1871    89.0923     4.6560     0.0399     0.0399   119.7985     4.9597     0.0000 1.000e-012 8.714e+000      98.53    5.74105    34.4910    34.4913     2.9004    27.4878    1466.22         53        222
      25636    296.000    292.804     2.9408     2.9433  31.323043  31.335305     2.1915    89.0691     4.6548     0.0417     0.0417   119.7946     4.9596     0.0000 1.000e-012 8.714e+000      98.53    5.75336    34.4856    34.4979     2.9225    27.4815    1466.33         44        222
      25679    297.000    293.792     3.0147     3.0130  31.397788  31.406687     2.1933    89.0910     4.6559     0.0400     0.0400   119.7955     4.9596     0.0000 1.000e-012 8.714e+000      98.53    5.74825    34.4972    34.5099     2.9962    27.4841    1466.67         43        222
      25722    298.000    294.780     3.0155     3.0146  31.405972  31.408887     2.1942    89.1001     4.6564     0.0397     0.0397   119.7977     4.9597     0.0000 1.000e-012 8.714e+000      98.53    5.75186    34.5058    34.5103     2.9969    27.4908    1466.71         44        222
      25768    299.000    295.769     2.9991     2.9983  31.393297  31.393570     2.1913    89.0989     4.6563     0.0380     0.0380   119.7942     4.9596     0.0000 1.000e-012 8.714e+000      98.53    5.74598    34.5073    34.5085     2.9805    27.4936    1466.65         49        222
      25823    300.000    296.757     2.9859     2.9894  31.381369  31.386047     2.1880    89.0975     4.6562     0.0379     0.0379   119.7972     4.9597     0.0000 1.000e-012 8.714e+000      98.53    5.73837    34.5063    34.5083     2.9672    27.4940    1466.61         59        222
      25879    301.000    297.746     2.9923     2.9908  31.387923  31.389228     2.1878    89.0968     4.6562     0.0390     0.0390   119.7915     4.9594     0.0000 1.000e-012 8.714e+000      98.53    5.73779    34.5069    34.5101     2.9736    27.4939    1466.66         48        222
      25918    302.000    298.734     2.9929     2.9932  31.389606  31.393479     2.1879    89.0935     4.6560     0.0418     0.0418   119.7918     4.9595     0.0000 1.000e-012 8.714e+000      98.53    5.73911    34.5078    34.5122     2.9741    27.4945    1466.68         35        222
      25955    303.000    299.723     3.0058     3.0055  31.402143  31.407264     2.1901    89.0909     4.6559     0.0400     0.0400   119.7967     4.9597     0.0000 1.000e-012 8.714e+000      98.53    5.74538    34.5087    34.5153     2.9869    27.4941    1466.75         41        222
      26004    304.000    300.711     3.0229     3.0189  31.420960  31.421688     2.1968    89.1010     4.6564     0.0399     0.0399   119.7948     4.9596     0.0000 1.000e-012 8.714e+000      98.53    5.76566    34.5128    34.5180     3.0039    27.4958    1466.84         59        222
      26065    305.000    301.700     3.0906     3.0751  31.479363  31.481505     2.1994    89.1021     4.6564     0.0404     0.0404   119.7968     4.9597     0.0000 1.000e-012 8.714e+000      98.53    5.76468    34.5110    34.5302     3.0713    27.4882    1467.15         56        222
      26115    306.000    302.688     3.1586     3.1523  31.558195  31.560487     2.1987    89.0981     4.6562     0.0377     0.0377   119.7977     4.9597     0.0000 1.000e-012 8.714e+000      98.53    5.75189    34.5337    34.5432     3.1391    27.5000    1467.48         44        222
      26152    307.000    303.677     3.1193     3.1173  31.532585  31.528563     2.1989    89.1041     4.6565     0.0397     0.0397   119.7969     4.9597     0.0000 1.000e-012 8.714e+000      98.53    5.75944    34.5440    34.5412     3.0998    27.5118    1467.35         30        222
      26178    308.000    304.665     3.1129     3.1118  31.520692  31.524483     2.2002    89.1063     4.6567     0.0402     0.0402   119.7927     4.9595     0.0000 1.000e-012 8.714e+000      98.53    5.76614    34.5358    34.5416     3.0934    27.5059    1467.32         24        222
      26202    309.000    305.653     3.1251     3.1276  31.527509  31.541045     2.2025    89.0681     4.6547     0.0386     0.0386   119.7953     4.9596     0.0000 1.000e-012 8.714e+000      98.53    5.77309    34.5305    34.5443     3.1055    27.5006    1467.39         24        222
      26227    310.000    306.642     3.1521     3.1524  31.558450  31.567626     2.2035    89.1076     4.6567     0.0370     0.0370   119.7978     4.9597     0.0000 1.000e-012 8.714e+000      98.53    5.77289    34.5387    34.5495     3.1324    27.5046    1467.53         27        222
      26255    311.000    307.630     3.1645     3.1672  31.570185  31.583405     2.2035    89.1076     4.6567     0.0379     0.0379   119.7978     4.9597     0.0000 1.000e-012 8.714e+000      98.53    5.77202    34.5392    34.5523     3.1447    27.5039    1467.60         28        222
      26282    312.000    308.619     3.1783     3.1773  31.588346  31.594752     2.2011    89.1110     4.6569     0.0380     0.0380   119.7966     4.9597     0.0000 1.000e-012 8.714e+000      98.53    5.76283    34.5459    34.5548     3.1584    27.5080    1467.68         26        222
      26308    313.000    309.607     3.1719     3.1711  31.585879  31.589408     2.1979    89.0903     4.6559     0.0377     0.0377   119.7931     4.9595     0.0000 1.000e-012 8.714e+000      98.53    5.75433    34.5492    34.5543     3.1519    27.5112    1467.68         26        222
      26334    314.000    310.596     3.1687     3.1684  31.583329  31.587378     2.1992    89.1037     4.6565     0.0382     0.0382   119.7954     4.9596     0.0000 1.000e-012 8.714e+000      98.53    5.76020    34.5490    34.5542     3.1486    27.5113    1467.68         27        222
      26361    315.000    311.584     3.1739     3.1750  31.587164  31.594683     2.2032    89.1054     4.6566     0.0372     0.0372   119.7947     4.9596     0.0000 1.000e-012 8.714e+000      98.53    5.77366    34.5475    34.5555     3.1538    27.5097    1467.71         27        222
      26388    316.000    312.572     3.1792     3.1789  31.594370  31.599426     2.2059    89.1014     4.6564     0.0382     0.0382   119.7978     4.9597     0.0000 1.000e-012 8.714e+000      98.53    5.78267    34.5501    34.5565     3.1590    27.5112    1467.76         25        222
      26410    317.000    313.561     3.1797     3.1795  31.595284  31.600558     2.2056    89.1031     4.6565     0.0374     0.0374   119.7974     4.9597     0.0000 1.000e-012 8.714e+000      98.53    5.78272    34.5501    34.5567     3.1594    27.5112    1467.78         20        222
      26430    318.000    314.549     3.1794     3.1793  31.596139  31.600776     2.2048    89.1023     4.6565     0.0424     0.0424   119.7938     4.9595     0.0000 1.000e-012 8.714e+000      98.53    5.78121    34.5509    34.5567     3.1590    27.5119    1467.79         20        222
      26449    319.000    315.537     3.1802     3.1797  31.597767  31.601565     2.2040    89.1097     4.6568     0.0383     0.0383   119.7994     4.9598     0.0000 1.000e-012 8.714e+000      98.53    5.77955    34.5515    34.5566     3.1598    27.5123    1467.81         19        222
      26469    320.000    316.526     3.2220     3.2282  31.632819  31.651224     2.2037    89.1006     4.6564     0.0360     0.0360   119.7988     4.9597     0.0000 1.000e-012 8.714e+000      98.53    5.77318    34.5489    34.5645     3.2014    27.5063    1468.00         21        222
      26493    321.000    317.514     3.2431     3.2430  31.661927  31.667190     2.2038    89.0891     4.6558     0.0369     0.0369   119.7948     4.9596     0.0000 1.000e-012 8.714e+000      98.53    5.77081    34.5611    34.5675     3.2224    27.5140    1468.12         27        222
      26521    322.000    318.503     3.2347     3.2322  31.656751  31.657831     2.2031    89.0765     4.6552     0.0382     0.0382   119.7954     4.9596     0.0000 1.000e-012 8.714e+000      98.53    5.77085    34.5632    34.5672     3.2139    27.5165    1468.11         29        222
      26549    323.000    319.491     3.2294     3.2295  31.650872  31.655580     2.2023    89.1036     4.6565     0.0391     0.0391   119.7989     4.9597     0.0000 1.000e-012 8.714e+000      98.53    5.77024    34.5612    34.5668     3.2086    27.5154    1468.10         28        222
      26576    324.000    320.479     3.2294     3.2293  31.651072  31.655980     2.2005    89.1040     4.6565     0.0375     0.0375   119.7970     4.9597     0.0000 1.000e-012 8.714e+000      98.53    5.76545    34.5609    34.5669     3.2085    27.5152    1468.12         26        222
      26602    325.000    321.467     3.2230     3.2215  31.648040  31.649165     2.1986    89.1003     4.6564     0.0367     0.0367   119.7954     4.9596     0.0000 1.000e-012 8.714e+000      98.53    5.76122    34.5635    34.5665     3.2021    27.5179    1468.11         25        222
      26628    326.000    322.456     3.2200     3.2242  31.643096  31.655544     2.2004    89.1067     4.6567     0.0374     0.0374   119.7978     4.9597     0.0000 1.000e-012 8.714e+000      98.53    5.76882    34.5602    34.5708     3.1990    27.5155    1468.11         27        222
      26655    327.000    323.444     3.2624     3.2645  31.683751  31.699845     2.2050    89.1200     4.6574     0.0389     0.0389   119.7969     4.9597     0.0000 1.000e-012 8.714e+000      98.53    5.77817    34.5636    34.5809     3.2412    27.5143    1468.31         26        222
      26680    328.000    324.433     3.2786     3.2806  31.703080  31.717515     2.2088    89.0997     4.6563     0.0387     0.0387   119.7946     4.9596     0.0000 1.000e-012 8.714e+000      98.53    5.78894    34.5692    34.5845     3.2573    27.5172    1468.40         24        222
      26703    329.000    325.421     3.2999     3.3051  31.722364  31.744189     2.2113    89.1164     4.6572     0.0376     0.0377   119.7960     4.9596     0.0000 1.000e-012 8.714e+000      98.53    5.79485    34.5693    34.5901     3.2785    27.5153    1468.51         23        222
      26726    330.000    326.409     3.3611     3.3615  31.775414  31.803899     2.2110    89.1063     4.6567     0.0392     0.0392   119.7950     4.9596     0.0000 1.000e-012 8.714e+000      98.53    5.78540    34.5677    34.6016     3.3395    27.5082    1468.78         24        222
      26751    331.000    327.398     3.3654     3.3651  31.797781  31.808518     2.2099    89.1149     4.6571     0.0376     0.0376   119.8021     4.9599     0.0000 1.000e-012 8.714e+000      98.53    5.78135    34.5895    34.6028     3.3437    27.5252    1468.84         27        222
      26780    332.000    328.386     3.3655     3.3652  31.801424  31.809055     2.2110    89.1161     4.6572     0.0358     0.0358   119.7978     4.9597     0.0000 1.000e-012 8.714e+000      98.53    5.78587    34.5933    34.6028     3.3437    27.5282    1468.87         29        222
      26809    333.000    329.374     3.3671     3.3668  31.803801  31.811135     2.2101    89.0880     4.6557     0.0372     0.0372   119.7915     4.9594     0.0000 1.000e-012 8.714e+000      98.53    5.78374    34.5939    34.6031     3.3452    27.5285    1468.89         30        222
      26838    334.000    330.363     3.3766     3.3790  31.810750  31.823517     2.2090    89.0975     4.6562     0.0362     0.0362   119.7949     4.9596     0.0000 1.000e-012 8.714e+000      98.53    5.77983    34.5916    34.6045     3.3546    27.5258    1468.94         27        222
