644/02dk.cnv
* Sea-Bird SBE 9 Data File:
* FileName = C:\2013-04\CTD Raw\2013-04-0001.hdr
* Software Version Seasave V 7.22.5
* Temperature SN = 4397
* Conductivity SN = 2992
* Number of Bytes Per Scan = 40
* Number of Voltage Words = 5
* Number of Scans Averaged by the Deck Unit = 1
* NMEA Latitude = 69 24.75 N
* NMEA Longitude = 059 49.74 W
* NMEA UTC (Time) = Jul 24 2013  13:18:00
* NMEA baud rate = 4800
** Ship:  CCGS Louis St-Laurent
** Cruise:  2013-04
** Station:   BAFB-1
** Depth (m):  1496
** This is Ros-1, #2013-03 C3O
** Orig filename 2013-04-0002 renamed to 2013-04-0001
# nquan = 26
# nvalues = 1012                        
# units = specified
# name 0 = scan: Scan Count
# name 1 = prDM: Pressure, Digiquartz [db]
# name 2 = depSM: Depth [salt water, m]
# name 3 = t090C: Temperature [ITS-90, deg C]
# name 4 = t190C: Temperature, 2 [ITS-90, deg C]
# name 5 = c0mS/cm: Conductivity [mS/cm]
# name 6 = c1mS/cm: Conductivity, 2 [mS/cm]
# name 7 = sbeox0V: Oxygen raw, SBE 43 [V]
# name 8 = CStarTr0: Beam Transmission, WET Labs C-Star [%]
# name 9 = v1: Voltage 1
# name 10 = flSP: Fluorescence, Seapoint
# name 11 = v0: Voltage 0
# name 12 = wetCDOM: Fluorescence, WET Labs CDOM [mg/m^3]
# name 13 = v4: Voltage 4
# name 14 = upoly0: Upoly 0, Satlantic ISUS
# name 15 = par: PAR/Irradiance, Biospherical/Licor
# name 16 = spar: SPAR/Surface Irradiance
# name 17 = altM: Altimeter [m]
# name 18 = sbeox0ML/L: Oxygen, SBE 43 [ml/l], WS = 1
# name 19 = sal00: Salinity, Practical [PSU]
# name 20 = sal11: Salinity, Practical, 2 [PSU]
# name 21 = potemp090C: Potential Temperature [ITS-90, deg C]
# name 22 = sigma-é00: Density [sigma-theta, kg/m^3]
# name 23 = svCM: Sound Velocity [Chen-Millero, m/s]
# name 24 = nbin: number of scans per bin
# name 25 = flag: flag
# span 0 =       4750,      45829       
# span 1 =      1.000,   1012.000       
# span 2 =      0.990,    999.353       
# span 3 =    -1.6541,     4.0340       
# span 4 =    -1.6498,     3.5730       
# span 5 =  26.368599,  32.055120       
# span 6 =   0.331998,  32.059303       
# span 7 =     1.5300,     3.1286       
# span 8 =    70.1554,    89.1633       
# span 9 =     3.6791,     4.6596       
# span 10 = 3.4593e-02, 4.9057e+00      
# span 11 =     0.0346,     4.9057      
# span 12 =   119.7830,   119.8052      
# span 13 =     4.9591,     4.9600      
# span 14 =  0.0000000,  0.0000000      
# span 15 = 1.0000e-12, 1.0000e-12      
# span 16 = 8.6312e+00, 8.7136e+00      
# span 17 =      98.51,      98.53      
# span 18 =    3.94372,    9.34701      
# span 19 =    31.5036,    34.6713      
# span 20 =     0.2706,    34.6738      
# span 21 =    -1.6554,     4.0337      
# span 22 =    25.0026,    27.6630      
# span 23 =    1439.82,    1470.86      
# span 24 =         19,        347      
# span 25 = 0.0000e+00, 0.0000e+00      
# interval = decibars: 1                
# start_time = Jul 24 2013 13:18:00 [NMEA time, header]
# bad_flag = -9.990e-29
*END*
[from data line 168]
      19610    169.000    167.226     2.2399     2.2405  30.364499  30.379134     2.3353    89.0232     4.6524     0.0512     0.0512   119.7977     4.9597     0.0000 1.000e-012 8.714e+000      98.53    6.21716    34.1260    34.1436     2.2307    27.2532    1460.75         40        222
      19656    170.000    168.215     2.2540     2.2515  30.387252  30.393548     2.3303    89.0261     4.6525     0.0514     0.0514   119.7995     4.9598     0.0000 1.000e-012 8.714e+000      98.53    6.19865    34.1386    34.1492     2.2447    27.2622    1460.84         53        222
      19712    171.000    169.204     2.2629     2.2560  30.399687  30.399802     2.3216    89.0276     4.6526     0.0477     0.0477   119.7982     4.9597     0.0000 1.000e-012 8.714e+000      98.53    6.16914    34.1440    34.1515     2.2536    27.2657    1460.91         56        222
      19763    172.000    170.193     2.2716     2.2678  30.409651  30.414800     2.3197    89.0124     4.6518     0.0478     0.0478   119.7982     4.9597     0.0000 1.000e-012 8.714e+000      98.53    6.16228    34.1465    34.1570     2.2622    27.2670    1460.96         46        222
      19806    173.000    171.183     2.2901     2.2915  30.427010  30.442365     2.3198    89.0103     4.6517     0.0456     0.0456   119.7975     4.9597     0.0000 1.000e-012 8.714e+000      98.53    6.16040    34.1477    34.1652     2.2806    27.2665    1461.06         41        222
      19846    174.000    172.172     2.3189     2.3206  30.460051  30.475176     2.3207    88.9770     4.6500     0.0481     0.0481   119.7985     4.9597     0.0000 1.000e-012 8.714e+000      98.53    6.15901    34.1572    34.1742     2.3093    27.2718    1461.22         40        222
      19890    175.000    173.160     2.3445     2.3445  30.490681  30.500928     2.3202    89.0043     4.6514     0.0500     0.0500   119.7984     4.9597     0.0000 1.000e-012 8.714e+000      98.53    6.15355    34.1672    34.1800     2.3348    27.2777    1461.36         49        222
      19946    176.000    174.150     2.3530     2.3466  30.501556  30.504135     2.3172    89.0237     4.6524     0.0489     0.0489   119.7954     4.9596     0.0000 1.000e-012 8.714e+000      98.53    6.14307    34.1711    34.1811     2.3432    27.2801    1461.42         61        222
      20000    177.000    175.139     2.3699     2.3647  30.516829  30.523555     2.3134    88.9031     4.6462     0.0515     0.0515   119.7976     4.9597     0.0000 1.000e-012 8.714e+000      98.53    6.12866    34.1713    34.1852     2.3601    27.2789    1461.51         46        222
      20042    178.000    176.128     2.4072     2.4068  30.552516  30.567410     2.3151    89.0367     4.6530     0.0470     0.0470   119.7980     4.9597     0.0000 1.000e-012 8.714e+000      98.53    6.12875    34.1750    34.1939     2.3972    27.2788    1461.69         39        222
      20081    179.000    177.117     2.4057     2.4042  30.561516  30.567857     2.3209    89.0429     4.6534     0.0452     0.0451   119.7936     4.9595     0.0000 1.000e-012 8.714e+000      98.53    6.14865    34.1872    34.1967     2.3957    27.2886    1461.71         40        222
      20123    180.000    178.106     2.4033     2.4037  30.559349  30.569145     2.3233    88.9974     4.6510     0.0469     0.0469   119.7969     4.9597     0.0000 1.000e-012 8.714e+000      98.53    6.15807    34.1865    34.1982     2.3932    27.2883    1461.72         43        222
      20172    181.000    179.095     2.4203     2.4131  30.578061  30.578968     2.3245    88.8901     4.6455     0.0484     0.0484   119.7977     4.9597     0.0000 1.000e-012 8.714e+000      98.53    6.15997    34.1909    34.1998     2.4101    27.2904    1461.82         60        222
      20241    182.000    180.084     2.4663     2.4546  30.623429  30.626656     2.3207    89.0426     4.6534     0.0473     0.0473   119.7992     4.9598     0.0000 1.000e-012 8.714e+000      98.53    6.14033    34.1972    34.2138     2.4560    27.2916    1462.04         63        222
      20286    183.000    181.073     2.5089     2.5076  30.676899  30.684221     2.3195    89.0409     4.6533     0.0480     0.0480   119.7935     4.9595     0.0000 1.000e-012 8.714e+000      98.53    6.12928    34.2171    34.2276     2.4985    27.3040    1462.27         34        222
      20317    184.000    182.062     2.5148     2.5159  30.680915  30.693281     2.3204    89.0345     4.6529     0.0463     0.0463   119.7969     4.9597     0.0000 1.000e-012 8.714e+000      98.53    6.13238    34.2152    34.2293     2.5043    27.3020    1462.31         30        222
      20349    185.000    183.051     2.5581     2.5594  30.722306  30.740911     2.3231    89.0406     4.6532     0.0504     0.0504   119.7975     4.9597     0.0000 1.000e-012 8.714e+000      98.53    6.13473    34.2194    34.2410     2.5475    27.3017    1462.52         38        222
      20407    186.000    184.040     2.5574     2.5554  30.731352  30.737330     2.3191    88.9986     4.6511     0.0458     0.0458   119.7972     4.9597     0.0000 1.000e-012 8.714e+000      98.53    6.12230    34.2308    34.2403     2.5467    27.3108    1462.54         80        222
      20477    187.000    185.029     2.5701     2.5728  30.746765  30.760581     2.3104    89.0288     4.6526     0.0448     0.0448   119.7985     4.9597     0.0000 1.000e-012 8.714e+000      98.53    6.09244    34.2356    34.2498     2.5594    27.3136    1462.62         48        222
      20515    188.000    186.018     2.5729     2.5708  30.757715  30.761570     2.3088    89.0444     4.6535     0.0472     0.0472   119.7998     4.9598     0.0000 1.000e-012 8.714e+000      98.53    6.08736    34.2456    34.2526     2.5621    27.3213    1462.66         34        222
      20549    189.000    187.007     2.5582     2.5579  30.745676  30.750925     2.3075    89.0387     4.6532     0.0483     0.0483   119.7976     4.9597     0.0000 1.000e-012 8.714e+000      98.53    6.08666    34.2459    34.2527     2.5474    27.3229    1462.62         36        222
      20592    190.000    187.996     2.5609     2.5608  30.748875  30.754698     2.3076    89.0439     4.6534     0.0448     0.0448   119.7958     4.9596     0.0000 1.000e-012 8.714e+000      98.53    6.08759    34.2464    34.2537     2.5500    27.3230    1462.64         50        222
      20646    191.000    188.985     2.5616     2.5606  30.751091  30.755294     2.3059    89.0460     4.6535     0.0465     0.0465   119.7996     4.9598     0.0000 1.000e-012 8.714e+000      98.53    6.08290    34.2478    34.2541     2.5506    27.3241    1462.67         56        222
      20699    192.000    189.974     2.5687     2.5653  30.757161  30.762217     2.3013    89.0457     4.6535     0.0502     0.0502   119.7996     4.9598     0.0000 1.000e-012 8.714e+000      98.53    6.06770    34.2472    34.2570     2.5577    27.3230    1462.71         50        222
      20746    193.000    190.963     2.6287     2.6162  30.815224  30.817569     2.3019    89.0534     4.6539     0.0432     0.0432   119.7987     4.9597     0.0000 1.000e-012 8.714e+000      98.53    6.06032    34.2540    34.2702     2.6175    27.3233    1463.00         44        222
      20788    194.000    191.952     2.6406     2.6392  30.834410  30.841498     2.3051    89.0498     4.6538     0.0503     0.0503   119.7971     4.9597     0.0000 1.000e-012 8.714e+000      98.53    6.06946    34.2643    34.2745     2.6293    27.3305    1463.08         40        222
      20829    195.000    192.941     2.6518     2.6529  30.845692  30.856353     2.3084    89.0555     4.6540     0.0600     0.0600   119.7962     4.9596     0.0000 1.000e-012 8.714e+000      98.53    6.07942    34.2656    34.2776     2.6404    27.3307    1463.14         44        222
      20878    196.000    193.930     2.6700     2.6627  30.866022  30.867182     2.3105    89.0391     4.6532     0.0460     0.0460   119.7978     4.9597     0.0000 1.000e-012 8.714e+000      98.53    6.08410    34.2706    34.2799     2.6586    27.3331    1463.25         55        222
      20934    197.000    194.919     2.6924     2.6794  30.891993  30.885502     2.3105    89.0450     4.6535     0.0473     0.0473   119.7978     4.9597     0.0000 1.000e-012 8.714e+000      98.53    6.08110    34.2781    34.2840     2.6809    27.3371    1463.37         53        222
      20980    198.000    195.908     2.7048     2.7037  30.905597  30.914053     2.3120    89.0402     4.6533     0.0456     0.0456   119.7992     4.9598     0.0000 1.000e-012 8.714e+000      98.53    6.08489    34.2810    34.2925     2.6932    27.3384    1463.44         40        222
      21018    199.000    196.897     2.7300     2.7296  30.932699  30.942168     2.3129    89.0588     4.6542     0.0454     0.0454   119.7964     4.9596     0.0000 1.000e-012 8.714e+000      98.53    6.08443    34.2868    34.2988     2.7183    27.3408    1463.57         39        222
      21063    200.000    197.886     2.7368     2.7355  30.943466  30.949002     2.3142    89.0666     4.6547     0.0470     0.0470   119.7949     4.9596     0.0000 1.000e-012 8.714e+000      98.53    6.08841    34.2922    34.3004     2.7250    27.3445    1463.63         51        222
      21118    201.000    198.875     2.7512     2.7422  30.958577  30.957168     2.3132    89.0441     4.6535     0.0493     0.0493   119.7983     4.9597     0.0000 1.000e-012 8.714e+000      98.53    6.08370    34.2948    34.3027     2.7393    27.3454    1463.71         57        222
      21171    202.000    199.864     2.7658     2.7603  30.975486  30.976749     2.3099    89.0367     4.6531     0.0430     0.0430   119.7983     4.9597     0.0000 1.000e-012 8.714e+000      98.53    6.07136    34.2994    34.3068     2.7538    27.3478    1463.79         46        222
      21213    203.000    200.853     2.7840     2.7845  30.992491  31.002349     2.3062    89.0513     4.6538     0.0450     0.0450   119.7973     4.9597     0.0000 1.000e-012 8.714e+000      98.53    6.05727    34.3002    34.3118     2.7719    27.3469    1463.89         41        222
      21254    204.000    201.842     2.7908     2.7891  31.005394  31.010009     2.3054    89.0449     4.6535     0.0512     0.0512   119.8000     4.9598     0.0000 1.000e-012 8.714e+000      98.53    6.05428    34.3082    34.3157     2.7787    27.3527    1463.95         41        222
      21297    205.000    202.831     2.7948     2.7955  31.010881  31.020122     2.3057    89.0506     4.6538     0.0482     0.0482   119.7953     4.9596     0.0000 1.000e-012 8.714e+000      98.53    6.05562    34.3101    34.3207     2.7826    27.3538    1463.98         47        222
      21351    206.000    203.820     2.7998     2.7984  31.020137  31.024082     2.3037    89.0615     4.6544     0.0463     0.0463   119.7978     4.9597     0.0000 1.000e-012 8.714e+000      98.53    6.04912    34.3156    34.3219     2.7875    27.3578    1464.03         59        222
      21407    207.000    204.809     2.7911     2.7919  31.014940  31.019417     2.3006    89.0522     4.6539     0.0449     0.0449   119.7959     4.9596     0.0000 1.000e-012 8.714e+000      98.53    6.04146    34.3180    34.3226     2.7788    27.3604    1464.01         49        222
      21449    208.000    205.797     2.8053     2.8078  31.026637  31.038730     2.3002    89.0540     4.6540     0.0451     0.0450   119.7960     4.9596     0.0000 1.000e-012 8.714e+000      98.53    6.03895    34.3166    34.3287     2.7929    27.3581    1464.08         39        222
      21490    209.000    206.786     2.8339     2.8357  31.056539  31.069576     2.2980    89.0586     4.6542     0.0443     0.0443   119.7967     4.9597     0.0000 1.000e-012 8.714e+000      98.53    6.02786    34.3221    34.3361     2.8214    27.3600    1464.23         44        222
      21536    210.000    207.775     2.8418     2.8408  31.074194  31.078758     2.2970    89.0543     4.6540     0.0457     0.0457   119.7959     4.9596     0.0000 1.000e-012 8.714e+000      98.53    6.02386    34.3347    34.3414     2.8292    27.3694    1464.30         48        222
      21586    211.000    208.764     2.8342     2.8343  31.069352  31.073387     2.2933    89.0635     4.6545     0.0457     0.0457   119.7942     4.9596     0.0000 1.000e-012 8.714e+000      98.53    6.01409    34.3364    34.3412     2.8215    27.3713    1464.28         52        222
      21639    212.000    209.753     2.8144     2.8199  31.054765  31.060753     2.2907    89.0497     4.6537     0.0602     0.0602   119.7959     4.9596     0.0000 1.000e-012 8.714e+000      98.53    6.00989    34.3391    34.3406     2.8017    27.3753    1464.22         51        222
      21685    213.000    210.742     2.8241     2.8250  31.062855  31.071990     2.2893    89.0583     4.6542     0.0623     0.0623   119.7910     4.9594     0.0000 1.000e-012 8.714e+000      98.53    6.00486    34.3381    34.3483     2.8113    27.3736    1464.27         41        222
      21724    214.000    211.731     2.8374     2.8372  31.080743  31.086429     2.2877    89.0624     4.6544     0.0497     0.0497   119.7977     4.9597     0.0000 1.000e-012 8.714e+000      98.53    5.99824    34.3452    34.3524     2.8246    27.3782    1464.36         41        222
      21771    215.000    212.720     2.8202     2.8273  31.070037  31.077204     2.2861    89.0521     4.6539     0.0454     0.0454   119.7956     4.9596     0.0000 1.000e-012 8.714e+000      98.53    5.99679    34.3499    34.3511     2.8073    27.3834    1464.31         54        222
      21826    216.000    213.709     2.8002     2.8122  31.051088  31.063847     2.2854    89.0415     4.6533     0.0431     0.0431   119.7978     4.9597     0.0000 1.000e-012 8.714e+000      98.53    5.99904    34.3475    34.3504     2.7873    27.3833    1464.23         51        222
      21873    217.000    214.697     2.8080     2.8097  31.056545  31.063306     2.2844    89.0274     4.6526     0.0453     0.0453   119.7957     4.9596     0.0000 1.000e-012 8.714e+000      98.53    5.99569    34.3453    34.3518     2.7950    27.3809    1464.28         44        222
      21916    218.000    215.686     2.8264     2.8256  31.075846  31.080252     2.2825    89.0525     4.6539     0.0481     0.0481   119.7984     4.9597     0.0000 1.000e-012 8.714e+000      98.53    5.98740    34.3488    34.3550     2.8133    27.3820    1464.38         44        222
      21962    219.000    216.675     2.8409     2.8390  31.090517  31.095515     2.2813    89.0557     4.6541     0.0442     0.0442   119.7935     4.9595     0.0000 1.000e-012 8.714e+000      98.53    5.98212    34.3507    34.3588     2.8277    27.3822    1464.46         48        222
      22014    220.000    217.664     2.8670     2.8565  31.117077  31.114391     2.2816    89.0651     4.6546     0.0423     0.0423   119.7978     4.9597     0.0000 1.000e-012 8.714e+000      98.53    5.97974    34.3548    34.3627     2.8537    27.3832    1464.60         55        222
      22067    221.000    218.653     2.8583     2.8526  31.119279  31.113610     2.2777    89.0555     4.6541     0.0421     0.0421   119.7952     4.9596     0.0000 1.000e-012 8.714e+000      98.53    5.96908    34.3662    34.3654     2.8450    27.3931    1464.59         49        222
      22111    222.000    219.642     2.8258     2.8258  31.090527  31.092020     2.2743    89.0556     4.6541     0.0399     0.0399   119.7975     4.9597     0.0000 1.000e-012 8.714e+000      98.53    5.96449    34.3652    34.3670     2.8125    27.3952    1464.46         41        222
