644/03dk.cnv
* Sea-Bird SBE 19plus Data File:
* FileName = C:\Documents and Settings\Administrator\Desktop\SLEIWEX2008data\2008-07-03\2008-07-03_st071.hex
* Software Version Seasave Win32 V 5.31a
* Temperature SN = 4947
* Conductivity SN = 4947
* System UpLoad Time = Jul 03 2008 14:44:29
* NMEA Latitude = 47 56.215 N
* NMEA Longitude = 069 47.251 W
* NMEA UTC (Time) = Jul 3 2008  14:44:28
** Ship: Coriolis II   
** Cruise: IML2008 SLEIWEX2008
** Chef de Mission:Patrick Ouellet Alex Hay
** Station: 071
** Profondeur: 71 m
** Heures UTC: 14:44
# nquan = 17
# nvalues = 2902                    
# units = specified
# name 0 = scan: Scan Count
# name 1 = depSM: Depth [salt water, m]
# name 2 = dz/dtM: Descent Rate [m/s]
# name 3 = tv290C: Temperature [ITS-90, deg C]
# name 4 = sal00: Salinity [PSU]
# name 5 = c0mS/cm: Conductivity [mS/cm]
# name 6 = sigma-é00: Density [sigma-theta, Kg/m^3]
# name 7 = flSP: Fluorescence, Seapoint
# name 8 = sbeox0Mm/Kg: Oxygen, SBE 43 [umol/Kg]
# name 9 = sbeox0Mg/L: Oxygen, SBE 43 [mg/l]
# name 10 = sbeox0PS: Oxygen, SBE 43 [% saturation]
# name 11 = sbeox0ML/L: Oxygen, SBE 43 [ml/l]
# name 12 = nbf: Bottles Fired
# name 13 = latitude: Latitude [deg]
# name 14 = longitude: Longitude [deg]
# name 15 = timeS: Time, Elapsed [seconds]
# name 16 = flag:  0.000e+00
# span 0 =          1,       2902       
# span 1 =      0.049,     64.853       
# span 2 =     -0.431,      0.520       
# span 3 =     3.1160,    14.5578       
# span 4 =     0.0041,    29.3870       
# span 5 =   0.000282,  27.145978       
# span 6 =    -0.8276,    23.3983       
# span 7 = 0.0000e+00, 8.3543e-01       
# span 8 =    232.741,    396.334       
# span 9 =    7.57254,   12.68244       
# span 10 =   76.71369,  108.25866      
# span 11 =    5.29882,    8.87443      
# span 12 =          0,          0      
# span 13 =   47.93692,   47.93692      
# span 14 =  -69.78752,  -69.78752      
# span 15 =      0.000,    725.250      
# span 16 = 0.0000e+00, 0.0000e+00      
# interval = seconds: 0.25                        
# start_time = Jul 03 2008 14:44:28
# bad_flag = -9.990e-29
*END*
[from data line 86]
         87      0.058      0.000    14.5290     0.0075   0.000459    -0.8234 1.8311e-02    344.393   11.01133  108.22357    7.70508          0   47.93692  -69.78752     21.500  0.000e+00
         88      0.060     -0.000    14.5303     0.0075   0.000547    -0.8236 2.9755e-02    344.414   11.01201  108.23332    7.70556          0   47.93692  -69.78752     21.750  0.000e+00
         89      0.060      0.000    14.5316     0.0075   0.000459    -0.8238 2.0600e-02    344.336   11.00952  108.21199    7.70381          0   47.93692  -69.78752     22.000  0.000e+00
         90      0.056     -0.001    14.5329     0.0075   0.000459    -0.8240 9.1554e-03    344.335   11.00948  108.21448    7.70379          0   47.93692  -69.78752     22.250  0.000e+00
         91      0.056     -0.002    14.5330     0.0075   0.000400    -0.8240 3.6622e-02    344.364   11.01042  108.22406    7.70444          0   47.93692  -69.78752     22.500  0.000e+00
         92      0.056     -0.002    14.5325     0.0075   0.000459    -0.8239 2.5177e-02    344.398   11.01151  108.23355    7.70520          0   47.93692  -69.78752     22.750  0.000e+00
         93      0.056     -0.002    14.5326     0.0075   0.000547    -0.8239 2.9755e-02    344.367   11.01050  108.22401    7.70450          0   47.93692  -69.78752     23.000  0.000e+00
         94      0.060     -0.001    14.5320     0.0075   0.000547    -0.8238 2.5177e-02    344.356   11.01017  108.21920    7.70427          0   47.93692  -69.78752     23.250  0.000e+00
         95      0.056     -0.001    14.5319     0.0075   0.000459    -0.8238 2.5177e-02    344.357   11.01018  108.21914    7.70427          0   47.93692  -69.78752     23.500  0.000e+00
         96      0.064      0.001    14.5336     0.0075   0.000459    -0.8241 1.6022e-02    344.345   11.00981  108.21946    7.70402          0   47.93692  -69.78752     23.750  0.000e+00
         97      0.058      0.001    14.5340     0.0075   0.000459    -0.8241 2.5177e-02    344.365   11.01044  108.22660    7.70446          0   47.93692  -69.78752     24.000  0.000e+00
         98      0.055      0.001    14.5336     0.0075   0.000459    -0.8241 1.8311e-02    344.375   11.01076  108.22889    7.70468          0   47.93692  -69.78752     24.250  0.000e+00
         99      0.058      0.001    14.5342     0.0075   0.000459    -0.8242 3.2044e-02    344.348   11.00990  108.22185    7.70408          0   47.93692  -69.78752     24.500  0.000e+00
        100      0.062      0.001    14.5347     0.0075   0.000370    -0.8242 1.3733e-02    344.360   11.01028  108.22675    7.70435          0   47.93692  -69.78752     24.750  0.000e+00
        101      0.058      0.000    14.5354     0.0075   0.000459    -0.8243 2.2889e-02    344.324   11.00914  108.21723    7.70355          0   47.93692  -69.78752     25.000  0.000e+00
        102      0.060      0.000    14.5356     0.0075   0.000459    -0.8244 2.2889e-02    344.315   11.00885  108.21490    7.70335          0   47.93692  -69.78752     25.250  0.000e+00
        103      0.055     -0.001    14.5354     0.0075   0.000459    -0.8243 1.8311e-02    344.347   11.00986  108.22435    7.70405          0   47.93692  -69.78752     25.500  0.000e+00
        104      0.060     -0.001    14.5352     0.0075   0.000459    -0.8243 2.5177e-02    344.387   11.01114  108.23634    7.70494          0   47.93692  -69.78752     25.750  0.000e+00
        105      0.055     -0.001    14.5353     0.0075   0.000547    -0.8243 2.5177e-02    344.310   11.00868  108.21238    7.70323          0   47.93692  -69.78752     26.000  0.000e+00
        106      0.058     -0.000    14.5344     0.0075   0.000547    -0.8242 2.7466e-02    344.362   11.01034  108.22666    7.70439          0   47.93692  -69.78752     26.250  0.000e+00
        107      0.060     -0.001    14.5344     0.0075   0.000547    -0.8242 2.2889e-02    344.324   11.00913  108.21474    7.70354          0   47.93692  -69.78752     26.500  0.000e+00
        108      0.056     -0.001    14.5341     0.0075   0.000547    -0.8241 3.2044e-02    344.379   11.01090  108.23136    7.70478          0   47.93692  -69.78752     26.750  0.000e+00
        109      0.058     -0.000    14.5344     0.0075   0.000370    -0.8242 2.9755e-02    344.355   11.01011  108.22426    7.70423          0   47.93692  -69.78752     27.000  0.000e+00
        110      0.060      0.001    14.5341     0.0075   0.000459    -0.8241 2.9755e-02    344.387   11.01114  108.23381    7.70494          0   47.93692  -69.78752     27.250  0.000e+00
        111      0.058      0.001    14.5344     0.0075   0.000547    -0.8242 1.6022e-02    344.377   11.01083  108.23144    7.70473          0   47.93692  -69.78752     27.500  0.000e+00
        112      0.058      0.000    14.5350     0.0075   0.000547    -0.8243 2.7466e-02    344.312   11.00875  108.21240    7.70328          0   47.93692  -69.78752     27.750  0.000e+00
        113      0.060      0.001    14.5349     0.0075   0.000459    -0.8242 2.7466e-02    344.382   11.01097  108.23391    7.70483          0   47.93692  -69.78752     28.000  0.000e+00
        114      0.056     -0.000    14.5354     0.0075   0.000459    -0.8243 2.5177e-02    344.310   11.00867  108.21242    7.70322          0   47.93692  -69.78752     28.250  0.000e+00
        115      0.058     -0.000    14.5358     0.0075   0.000400    -0.8244 2.2889e-02    344.322   11.00906  108.21728    7.70349          0   47.93692  -69.78752     28.500  0.000e+00
        116      0.062      0.001    14.5369     0.0075   0.000459    -0.8245 2.7466e-02    344.352   11.01002  108.22943    7.70416          0   47.93692  -69.78752     28.750  0.000e+00
        117      0.060      0.001    14.5367     0.0075   0.000459    -0.8245 2.0600e-02    344.308   11.00861  108.21504    7.70318          0   47.93692  -69.78752     29.000  0.000e+00
        118      0.060      0.001    14.5360     0.0075   0.000459    -0.8244 2.9755e-02    344.381   11.01096  108.23645    7.70482          0   47.93692  -69.78752     29.250  0.000e+00
        119      0.064      0.002    14.5363     0.0075   0.000459    -0.8245 1.3733e-02    344.311   11.00871  108.21504    7.70325          0   47.93692  -69.78752     29.500  0.000e+00
        120      0.056      0.001    14.5358     0.0075   0.000459    -0.8244 1.8311e-02    344.329   11.00930  108.21964    7.70366          0   47.93692  -69.78752     29.750  0.000e+00
        121      0.058      0.000    14.5364     0.0075   0.000459    -0.8245 2.7466e-02    344.394   11.01136  108.24124    7.70510          0   47.93692  -69.78752     30.000  0.000e+00
        122      0.056     -0.000    14.5356     0.0075   0.000459    -0.8244 1.1444e-02    344.353   11.01006  108.22679    7.70419          0   47.93692  -69.78752     30.250  0.000e+00
        123      0.058     -0.002    14.5355     0.0075   0.000459    -0.8243 2.7466e-02    344.362   11.01034  108.22919    7.70439          0   47.93692  -69.78752     30.500  0.000e+00
        124      0.054     -0.003    14.5354     0.0075   0.000459    -0.8243 2.0600e-02    344.325   11.00915  108.21717    7.70356          0   47.93692  -69.78752     30.750  0.000e+00
        125      0.058     -0.002    14.5351     0.0075   0.000459    -0.8243 2.7466e-02    344.342   11.00971  108.22196    7.70394          0   47.93692  -69.78752     31.000  0.000e+00
        126      0.056     -0.002    14.5356     0.0075   0.000459    -0.8243 2.2889e-02    344.376   11.01081  108.23395    7.70471          0   47.93692  -69.78752     31.250  0.000e+00
        127      0.060     -0.001    14.5349     0.0075   0.000459    -0.8242 2.0600e-02    344.359   11.01025  108.22674    7.70432          0   47.93692  -69.78752     31.500  0.000e+00
        128      0.056      0.000    14.5356     0.0075   0.000459    -0.8243 2.0600e-02    344.369   11.01056  108.23156    7.70454          0   47.93692  -69.78752     31.750  0.000e+00
        129      0.055     -0.001    14.5353     0.0075   0.000459    -0.8243 2.7466e-02    344.340   11.00965  108.22194    7.70391          0   47.93692  -69.78752     32.000  0.000e+00
        130      0.058      0.000    14.5351     0.0075   0.000459    -0.8243 1.6022e-02    344.342   11.00971  108.22197    7.70394          0   47.93692  -69.78752     32.250  0.000e+00
        131      0.058      0.000    14.5349     0.0075   0.000459    -0.8242 2.9755e-02    344.397   11.01146  108.23866    7.70517          0   47.93692  -69.78752     32.500  0.000e+00
        132      0.060      0.001    14.5345     0.0075   0.000459    -0.8242 3.2044e-02    344.369   11.01057  108.22908    7.70455          0   47.93692  -69.78752     32.750  0.000e+00
        133      0.060      0.001    14.5346     0.0075   0.000459    -0.8242 2.2889e-02    344.353   11.01005  108.22432    7.70419          0   47.93692  -69.78752     33.000  0.000e+00
        134      0.056      0.001    14.5350     0.0075   0.000547    -0.8243 2.7466e-02    344.358   11.01021  108.22671    7.70429          0   47.93692  -69.78752     33.250  0.000e+00
