644/03dk.cnv
* Sea-Bird SBE 19plus Data File:
* FileName = C:\Documents and Settings\Administrator\Desktop\SLEIWEX2008data\2008-07-03\2008-07-03_st071.hex
* Software Version Seasave Win32 V 5.31a
* Temperature SN = 4947
* Conductivity SN = 4947
* System UpLoad Time = Jul 03 2008 14:44:29
* NMEA Latitude = 47 56.215 N
* NMEA Longitude = 069 47.251 W
* NMEA UTC (Time) = Jul 3 2008  14:44:28
** Ship: Coriolis II   
** Cruise: IML2008 SLEIWEX2008
** Chef de Mission:Patrick Ouellet Alex Hay
** Station: 071
** Profondeur: 71 m
** Heures UTC: 14:44
# nquan = 17
# nvalues = 2902                    
# units = specified
# name 0 = scan: Scan Count
# name 1 = depSM: Depth [salt water, m]
# name 2 = dz/dtM: Descent Rate [m/s]
# name 3 = tv290C: Temperature [ITS-90, deg C]
# name 4 = sal00: Salinity [PSU]
# name 5 = c0mS/cm: Conductivity [mS/cm]
# name 6 = sigma-é00: Density [sigma-theta, Kg/m^3]
# name 7 = flSP: Fluorescence, Seapoint
# name 8 = sbeox0Mm/Kg: Oxygen, SBE 43 [umol/Kg]
# name 9 = sbeox0Mg/L: Oxygen, SBE 43 [mg/l]
# name 10 = sbeox0PS: Oxygen, SBE 43 [% saturation]
# name 11 = sbeox0ML/L: Oxygen, SBE 43 [ml/l]
# name 12 = nbf: Bottles Fired
# name 13 = latitude: Latitude [deg]
# name 14 = longitude: Longitude [deg]
# name 15 = timeS: Time, Elapsed [seconds]
# name 16 = flag:  0.000e+00
# span 0 =          1,       2902       
# span 1 =      0.049,     64.853       
# span 2 =     -0.431,      0.520       
# span 3 =     3.1160,    14.5578       
# span 4 =     0.0041,    29.3870       
# span 5 =   0.000282,  27.145978       
# span 6 =    -0.8276,    23.3983       
# span 7 = 0.0000e+00, 8.3543e-01       
# span 8 =    232.741,    396.334       
# span 9 =    7.57254,   12.68244       
# span 10 =   76.71369,  108.25866      
# span 11 =    5.29882,    8.87443      
# span 12 =          0,          0      
# span 13 =   47.93692,   47.93692      
# span 14 =  -69.78752,  -69.78752      
# span 15 =      0.000,    725.250      
# span 16 = 0.0000e+00, 0.0000e+00      
# interval = seconds: 0.25                        
# start_time = Jul 03 2008 14:44:28
# bad_flag = -9.990e-29
*END*
          1      0.054      0.000    14.5078     0.0075   0.000459    -0.8203 2.2889e-03    344.511   11.01516  108.21119    7.70776          0   47.93692  -69.78752      0.000  0.000e+00
          2      0.053     -0.000    14.5081     0.0075   0.000459    -0.8204 2.2889e-02    344.448   11.01315  108.19212    7.70635          0   47.93692  -69.78752      0.250  0.000e+00
          3      0.055      0.000    14.5090     0.0075   0.000547    -0.8205 2.7466e-02    344.503   11.01490  108.21137    7.70758          0   47.93692  -69.78752      0.500  0.000e+00
          4      0.053      0.000    14.5105     0.0075   0.000459    -0.8207 2.9755e-02    344.485   11.01432  108.20914    7.70717          0   47.93692  -69.78752      0.750  0.000e+00
          5      0.053      0.000    14.5117     0.0075   0.000400    -0.8209 2.7466e-02    344.476   11.01404  108.20930    7.70698          0   47.93692  -69.78752      1.000  0.000e+00
          6      0.053     -0.000    14.5118     0.0075   0.000459    -0.8209 2.9755e-02    344.491   11.01451  108.21409    7.70731          0   47.93692  -69.78752      1.250  0.000e+00
          7      0.055      0.000    14.5116     0.0075   0.000547    -0.8209 2.7466e-02    344.455   11.01335  108.20214    7.70649          0   47.93692  -69.78752      1.500  0.000e+00
          8      0.057      0.001    14.5115     0.0075   0.000459    -0.8209 1.8311e-02    344.463   11.01361  108.20455    7.70667          0   47.93692  -69.78752      1.750  0.000e+00
          9      0.055      0.001    14.5123     0.0075   0.000400    -0.8210 3.6622e-02    344.457   11.01343  108.20462    7.70655          0   47.93692  -69.78752      2.000  0.000e+00
         10      0.053      0.001    14.5122     0.0075   0.000459    -0.8210 2.9755e-02    344.465   11.01368  108.20698    7.70673          0   47.93692  -69.78752      2.250  0.000e+00
         11      0.053     -0.000    14.5123     0.0075   0.000459    -0.8210 3.8911e-02    344.510   11.01511  108.22133    7.70773          0   47.93692  -69.78752      2.500  0.000e+00
         12      0.055      0.000    14.5134     0.0075   0.000459    -0.8211 1.8311e-02    344.449   11.01317  108.20477    7.70637          0   47.93692  -69.78752      2.750  0.000e+00
         13      0.053     -0.000    14.5142     0.0075   0.000459    -0.8213 2.9755e-02    344.466   11.01372  108.21201    7.70675          0   47.93692  -69.78752      3.000  0.000e+00
         14      0.055     -0.000    14.5156     0.0075   0.000459    -0.8215 1.8311e-02    344.434   11.01266  108.20506    7.70601          0   47.93692  -69.78752      3.250  0.000e+00
         15      0.053     -0.001    14.5157     0.0075   0.000459    -0.8215 2.5177e-02    344.433   11.01264  108.20504    7.70600          0   47.93692  -69.78752      3.500  0.000e+00
         16      0.057     -0.000    14.5161     0.0075   0.000459    -0.8215 2.0600e-02    344.431   11.01257  108.20514    7.70595          0   47.93692  -69.78752      3.750  0.000e+00
         17      0.059      0.002    14.5163     0.0075   0.000400    -0.8216 2.5177e-02    344.436   11.01275  108.20760    7.70607          0   47.93692  -69.78752      4.000  0.000e+00
         18      0.055      0.002    14.5169     0.0075   0.000547    -0.8216 3.2044e-02    344.440   11.01287  108.21000    7.70616          0   47.93692  -69.78752      4.250  0.000e+00
         19      0.053      0.001    14.5176     0.0075   0.000370    -0.8217 2.9755e-02    344.412   11.01198  108.20289    7.70553          0   47.93692  -69.78752      4.500  0.000e+00
         20      0.057      0.001    14.5167     0.0075   0.000547    -0.8216 2.2889e-02    344.411   11.01194  108.20045    7.70550          0   47.93692  -69.78752      4.750  0.000e+00
         21      0.053      0.000    14.5172     0.0075   0.000459    -0.8217 3.2044e-02    344.430   11.01255  108.20762    7.70593          0   47.93692  -69.78752      5.000  0.000e+00
         22      0.057      0.000    14.5171     0.0075   0.000459    -0.8217 1.8311e-02    344.415   11.01208  108.20289    7.70561          0   47.93692  -69.78752      5.250  0.000e+00
         23      0.057      0.000    14.5191     0.0075   0.000459    -0.8220 1.1444e-02    344.440   11.01286  108.21509    7.70615          0   47.93692  -69.78752      5.500  0.000e+00
         24      0.057     -0.000    14.5204     0.0075   0.000459    -0.8221 2.2889e-02    344.393   11.01135  108.20331    7.70509          0   47.93692  -69.78752      5.750  0.000e+00
         25      0.055     -0.000    14.5218     0.0075   0.000459    -0.8223 2.9755e-02    344.398   11.01151  108.20824    7.70521          0   47.93692  -69.78752      6.000  0.000e+00
         26      0.057      0.001    14.5214     0.0075   0.000459    -0.8223 2.5177e-02    344.416   11.01210  108.21299    7.70562          0   47.93692  -69.78752      6.250  0.000e+00
         27      0.055      0.001    14.5220     0.0075   0.000459    -0.8224 9.1554e-03    344.381   11.01097  108.20349    7.70483          0   47.93692  -69.78752      6.500  0.000e+00
         28      0.055     -0.000    14.5215     0.0075   0.000459    -0.8223 1.8311e-02    344.445   11.01303  108.22254    7.70627          0   47.93692  -69.78752      6.750  0.000e+00
         29      0.057      0.000    14.5219     0.0075   0.000547    -0.8224 1.8311e-02    344.404   11.01172  108.21068    7.70535          0   47.93692  -69.78752      7.000  0.000e+00
         30      0.057     -0.000    14.5221     0.0075   0.000459    -0.8224 1.8311e-02    344.395   11.01143  108.20832    7.70515          0   47.93692  -69.78752      7.250  0.000e+00
         31      0.055     -0.000    14.5219     0.0075   0.000459    -0.8224 1.8311e-02    344.397   11.01148  108.20826    7.70518          0   47.93692  -69.78752      7.500  0.000e+00
         32      0.057      0.000    14.5227     0.0075   0.000370    -0.8225 2.7466e-02    344.414   11.01203  108.21556    7.70557          0   47.93692  -69.78752      7.750  0.000e+00
         33      0.055      0.000    14.5228     0.0075   0.000547    -0.8225 2.7466e-02    344.383   11.01104  108.20598    7.70488          0   47.93692  -69.78752      8.000  0.000e+00
         34      0.055     -0.000    14.5239     0.0075   0.000459    -0.8227 1.8311e-02    344.421   11.01224  108.22047    7.70572          0   47.93692  -69.78752      8.250  0.000e+00
         35      0.057      0.000    14.5246     0.0075   0.000459    -0.8228 1.6022e-02    344.371   11.01064  108.20624    7.70459          0   47.93692  -69.78752      8.500  0.000e+00
         36      0.055     -0.000    14.5245     0.0075   0.000459    -0.8227 2.9755e-02    344.394   11.01138  108.21337    7.70511          0   47.93692  -69.78752      8.750  0.000e+00
         37      0.057     -0.000    14.5239     0.0075   0.000547    -0.8227 3.2044e-02    344.383   11.01102  108.20855    7.70487          0   47.93692  -69.78752      9.000  0.000e+00
         38      0.057      0.000    14.5236     0.0075   0.000547    -0.8226 3.2044e-02    344.370   11.01062  108.20372    7.70458          0   47.93692  -69.78752      9.250  0.000e+00
         39      0.057      0.001    14.5236     0.0075   0.000459    -0.8226 3.4333e-02    344.392   11.01133  108.21090    7.70508          0   47.93692  -69.78752      9.500  0.000e+00
         40      0.057      0.001    14.5231     0.0075   0.000370    -0.8225 2.7466e-02    344.396   11.01145  108.21083    7.70516          0   47.93692  -69.78752      9.750  0.000e+00
         41      0.055      0.000    14.5231     0.0075   0.000547    -0.8225 3.4333e-02    344.411   11.01195  108.21558    7.70551          0   47.93692  -69.78752     10.000  0.000e+00
         42      0.058      0.001    14.5241     0.0075   0.000547    -0.8227 3.4333e-02    344.419   11.01219  108.22055    7.70568          0   47.93692  -69.78752     10.250  0.000e+00
         43      0.057      0.000    14.5256     0.0075   0.000547    -0.8229 2.0600e-02    344.386   11.01112  108.21355    7.70493          0   47.93692  -69.78752     10.500  0.000e+00
         44      0.057      0.001    14.5274     0.0075   0.000459    -0.8232 2.2889e-02    344.358   11.01023  108.20900    7.70431          0   47.93692  -69.78752     10.750  0.000e+00
         45      0.057      0.000    14.5279     0.0075   0.000459    -0.8232 2.7466e-02    344.385   11.01109  108.21862    7.70491          0   47.93692  -69.78752     11.000  0.000e+00
         46      0.057      0.000    14.5283     0.0075   0.000459    -0.8233 2.7466e-02    344.359   11.01028  108.21150    7.70434          0   47.93692  -69.78752     11.250  0.000e+00
         47      0.058      0.001    14.5286     0.0075   0.000459    -0.8233 1.8311e-02    344.357   11.01020  108.21158    7.70429          0   47.93692  -69.78752     11.500  0.000e+00
         48      0.055      0.000    14.5284     0.0075   0.000547    -0.8233 1.1444e-02    344.435   11.01269  108.23538    7.70603          0   47.93692  -69.78752     11.750  0.000e+00
         49      0.057      0.000    14.5284     0.0075   0.000459    -0.8233 1.3733e-02    344.389   11.01123  108.22107    7.70501          0   47.93692  -69.78752     12.000  0.000e+00
         50      0.055     -0.001    14.5282     0.0075   0.000459    -0.8233 1.8311e-02    344.360   11.01029  108.21147    7.70435          0   47.93692  -69.78752     12.250  0.000e+00
         51      0.057     -0.000    14.5275     0.0075   0.000547    -0.8232 2.9755e-02    344.403   11.01167  108.22335    7.70532          0   47.93692  -69.78752     12.500  0.000e+00
         52      0.055     -0.001    14.5272     0.0075   0.000459    -0.8231 2.7466e-02    344.367   11.01052  108.21134    7.70451          0   47.93692  -69.78752     12.750  0.000e+00
         53      0.058     -0.000    14.5259     0.0075   0.000547    -0.8229 2.7466e-02    344.384   11.01106  108.21361    7.70489          0   47.93692  -69.78752     13.000  0.000e+00
         54      0.058      0.000    14.5262     0.0075   0.000459    -0.8230 2.5177e-02    344.389   11.01124  108.21604    7.70501          0   47.93692  -69.78752     13.250  0.000e+00
         55      0.058      0.001    14.5263     0.0075   0.000459    -0.8230 1.8311e-02    344.419   11.01219  108.22560    7.70568          0   47.93692  -69.78752     13.500  0.000e+00
         56      0.058      0.002    14.5261     0.0075   0.000547    -0.8230 1.3733e-02    344.428   11.01247  108.22797    7.70588          0   47.93692  -69.78752     13.750  0.000e+00
         57      0.058      0.002    14.5260     0.0075   0.000547    -0.8230 2.2889e-02    344.391   11.01129  108.21601    7.70505          0   47.93692  -69.78752     14.000  0.000e+00
         58      0.057      0.001    14.5254     0.0075   0.000547    -0.8229 2.2889e-02    344.426   11.01240  108.22546    7.70583          0   47.93692  -69.78752     14.250  0.000e+00
         59      0.058      0.001    14.5256     0.0075   0.000459    -0.8229 2.7466e-02    344.462   11.01355  108.23746    7.70664          0   47.93692  -69.78752     14.500  0.000e+00
         60      0.056      0.000    14.5252     0.0075   0.000547    -0.8228 2.7466e-02    344.457   11.01341  108.23499    7.70653          0   47.93692  -69.78752     14.750  0.000e+00
         61      0.058     -0.000    14.5259     0.0075   0.000459    -0.8229 2.9755e-02    344.438   11.01278  108.23033    7.70609          0   47.93692  -69.78752     15.000  0.000e+00
         62      0.055     -0.001    14.5261     0.0075   0.000459    -0.8230 2.7466e-02    344.405   11.01173  108.22075    7.70536          0   47.93692  -69.78752     15.250  0.000e+00
         63      0.055     -0.002    14.5266     0.0075   0.000459    -0.8230 2.0600e-02    344.394   11.01139  108.21842    7.70512          0   47.93692  -69.78752     15.500  0.000e+00
         64      0.058     -0.001    14.5274     0.0075   0.000459    -0.8232 1.6022e-02    344.374   11.01073  108.21380    7.70466          0   47.93692  -69.78752     15.750  0.000e+00
         65      0.053     -0.002    14.5286     0.0075   0.000459    -0.8233 1.8311e-02    344.402   11.01165  108.22583    7.70530          0   47.93692  -69.78752     16.000  0.000e+00
         66      0.058     -0.001    14.5291     0.0075   0.000459    -0.8234 2.5177e-02    344.407   11.01180  108.22835    7.70541          0   47.93692  -69.78752     16.250  0.000e+00
         67      0.060      0.000    14.5299     0.0075   0.000459    -0.8235 1.8311e-02    344.348   11.00991  108.21177    7.70409          0   47.93692  -69.78752     16.500  0.000e+00
         68      0.058      0.001    14.5297     0.0075   0.000459    -0.8235 2.5177e-02    344.403   11.01166  108.22844    7.70531          0   47.93692  -69.78752     16.750  0.000e+00
         69      0.056      0.001    14.5297     0.0075   0.000459    -0.8235 2.9755e-02    344.410   11.01190  108.23080    7.70548          0   47.93692  -69.78752     17.000  0.000e+00
         70      0.057      0.001    14.5294     0.0075   0.000547    -0.8235 3.2044e-02    344.450   11.01318  108.24271    7.70637          0   47.93692  -69.78752     17.250  0.000e+00
         71      0.055      0.000    14.5291     0.0075   0.000459    -0.8234 3.2044e-02    344.361   11.01034  108.21397    7.70439          0   47.93692  -69.78752     17.500  0.000e+00
         72      0.055     -0.001    14.5281     0.0075   0.000459    -0.8233 2.5177e-02    344.384   11.01105  108.21861    7.70489          0   47.93692  -69.78752     17.750  0.000e+00
         73      0.056     -0.001    14.5293     0.0075   0.000547    -0.8234 1.8311e-02    344.413   11.01199  108.23074    7.70554          0   47.93692  -69.78752     18.000  0.000e+00
         74      0.056     -0.002    14.5302     0.0075   0.000400    -0.8236 2.7466e-02    344.369   11.01057  108.21892    7.70455          0   47.93692  -69.78752     18.250  0.000e+00
         75      0.056     -0.002    14.5299     0.0075   0.000370    -0.8235 2.2889e-02    344.409   11.01185  108.23083    7.70544          0   47.93692  -69.78752     18.500  0.000e+00
         76      0.058      0.000    14.5299     0.0075   0.000459    -0.8235 2.9755e-02    344.371   11.01065  108.21890    7.70460          0   47.93692  -69.78752     18.750  0.000e+00
         77      0.062      0.002    14.5297     0.0075   0.000459    -0.8235 2.7466e-02    344.342   11.00972  108.20938    7.70395          0   47.93692  -69.78752     19.000  0.000e+00
         78      0.060      0.003    14.5289     0.0075   0.000400    -0.8234 2.9755e-02    344.385   11.01111  108.22119    7.70492          0   47.93692  -69.78752     19.250  0.000e+00
         79      0.058      0.003    14.5290     0.0075   0.000459    -0.8234 2.5177e-02    344.415   11.01206  108.23073    7.70559          0   47.93692  -69.78752     19.500  0.000e+00
         80      0.060      0.003    14.5288     0.0075   0.000459    -0.8234 2.2889e-02    344.387   11.01114  108.22117    7.70495          0   47.93692  -69.78752     19.750  0.000e+00
         81      0.058      0.002    14.5286     0.0075   0.000459    -0.8233 2.7466e-02    344.365   11.01046  108.21395    7.70447          0   47.93692  -69.78752     20.000  0.000e+00
         82      0.060      0.001    14.5283     0.0075   0.000400    -0.8233 2.7466e-02    344.398   11.01150  108.22350    7.70520          0   47.93692  -69.78752     20.250  0.000e+00
         83      0.062      0.001    14.5282     0.0075   0.000459    -0.8233 2.0600e-02    344.345   11.00981  108.20679    7.70402          0   47.93692  -69.78752     20.500  0.000e+00
         84      0.058     -0.000    14.5281     0.0075   0.000459    -0.8233 2.9755e-02    344.391   11.01128  108.22106    7.70505          0   47.93692  -69.78752     20.750  0.000e+00
         85      0.060     -0.000    14.5281     0.0075   0.000459    -0.8233 2.5177e-02    344.369   11.01057  108.21392    7.70455          0   47.93692  -69.78752     21.000  0.000e+00
